./../data/out.mp4
ffprobe -v error -of flat=s=_  -select_streams v:0 -show_entries stream=width,height,r_frame_rate -show_entries format=duration,nb_frames -of default=noprint_wrappers=1:nokey=1 ./../data/out.mp4
25
2000
ffmpeg -i ./../data/out.mp4 -f image2pipe -pix_fmt yuv420p -vcodec rawvideo - 2>/dev/null
ffmpeg -i ./../data/out.mp4 -f image2pipe -pix_fmt yuv420p -vcodec rawvideo - 2>/dev/null
./../data/out2.mp4
ffprobe -v error -of flat=s=_  -select_streams v:0 -show_entries stream=width,height,r_frame_rate -show_entries format=duration,nb_frames -of default=noprint_wrappers=1:nokey=1 ./../data/out2.mp4
25
2000
ffmpeg -i ./../data/out2.mp4 -f image2pipe -pix_fmt yuv420p -vcodec rawvideo - 2>/dev/null
ffmpeg -i ./../data/out2.mp4 -f image2pipe -pix_fmt yuv420p -vcodec rawvideo - 2>/dev/null
0.949404
0.946065
0.957048
0.952091
0.941412
0.933784
0.916378
0.881456
0.877886
0.861182
0.831221
0.81033
0.781752
0.766717
0.730422
0.682518
0.689757
0.683888
0.578164
0.634714
0.603667
0.601423
0.494715
0.562271
0.532227
0.444197
0.507697
0.417796
0.479403
0.47871
0.367632
0.460432
0.331613
0.446792
0.317611
0.42701
0.299846
0.417593
0.396315
0.392918
0.385253
0.261236
0.259657
0.366764
0.255513
0.255543
0.35734
0.353665
0.948218
0.948507
0.955458
0.952269
0.942653
0.921481
0.905112
0.883189
0.878063
0.858537
0.83017
0.807911
0.779109
0.730009
0.685549
0.679358
0.634395
0.680535
0.582162
0.635271
0.60426
0.526787
0.495653
0.56202
0.533356
0.444197
0.508619
0.417221
0.481544
0.477697
0.367599
0.460197
0.332259
0.444201
0.320423
0.424598
0.299316
0.416604
0.397462
0.391543
0.38598
0.260462
0.259378
0.366176
0.25494
0.257229
0.356775
0.354244
0.948441
0.946669
0.950584
0.953033
0.942131
0.935864
0.906656
0.884136
0.858268
0.849538
0.826093
0.80349
0.771379
0.766161
0.737769
0.670267
0.688307
0.672586
0.586012
0.561571
0.535564
0.526011
0.496157
0.479399
0.534936
0.440345
0.505078
0.41558
0.486083
0.473376
0.36694
0.458982
0.437941
0.332526
0.419894
0.419879
0.299564
0.298428
0.28948
0.278727
0.3902
0.382684
0.258496
0.365155
0.254544
0.256419
0.35582
0.354439
0.946798
0.945236
0.951561
0.9529
0.941654
0.934647
0.906656
0.904294
0.880918
0.8286
0.828406
0.804873
0.774701
0.764456
0.735518
0.668627
0.687948
0.670599
0.649105
0.624553
0.5354
0.525827
0.496867
0.479399
0.534593
0.440158
0.505004
0.415094
0.48617
0.473092
0.36694
0.457794
0.438364
0.438095
0.419362
0.419849
0.299564
0.298428
0.289593
0.27845
0.390708
0.382101
0.258496
0.365294
0.254544
0.256419
0.356604
0.234642
0.94795
0.948118
0.948861
0.942314
0.940639
0.93004
0.909943
0.888334
0.883891
0.849572
0.829216
0.780248
0.775825
0.718158
0.684403
0.662861
0.636299
0.618809
0.587579
0.558265
0.607079
0.594761
0.491924
0.480987
0.450767
0.437482
0.504201
0.412657
0.484857
0.472201
0.367617
0.454669
0.440672
0.438336
0.314604
0.311766
0.401607
0.404625
0.398868
0.27981
0.278034
0.269134
0.257945
0.24947
0.253556
0.256073
0.2436
0.354361
0.953615
0.948118
0.948354
0.944279
0.93359
0.929856
0.909943
0.887148
0.884873
0.853917
0.805919
0.803668
0.775906
0.758821
0.684403
0.717208
0.687312
0.675318
0.587754
0.559021
0.607393
0.594929
0.492256
0.559388
0.451469
0.437966
0.504463
0.412599
0.484849
0.472831
0.369595
0.35653
0.335775
0.43771
0.314604
0.311766
0.402807
0.293767
0.398548
0.27981
0.278034
0.269134
0.257945
0.364868
0.253556
0.256073
0.357523
0.354151
0.946903
0.953395
0.955682
0.949627
0.936525
0.932285
0.904328
0.886782
0.887228
0.854997
0.828692
0.78015
0.74091
0.716782
0.68155
0.718468
0.688079
0.675358
0.5904
0.621874
0.606314
0.593552
0.490499
0.557357
0.447285
0.432815
0.416355
0.415004
0.488534
0.475794
0.374921
0.454422
0.437369
0.33333
0.317739
0.31037
0.2969
0.295453
0.73595
0.281587
0.274976
0.378478
0.25805
0.249813
0.253655
0.256216
0.357641
0.235935
0.946903
0.953108
0.955863
0.949904
0.936525
0.933035
0.904328
0.886782
0.886777
0.856373
0.828186
0.78015
0.741226
0.717349
0.68155
0.718809
0.689071
0.674287
0.591879
0.622532
0.606611
0.591092
0.490499
0.55807
0.535189
0.434699
0.501534
0.414189
0.489547
0.476382
0.374921
0.454423
0.438856
0.332428
0.317472
0.310446
0.405675
0.402669
0.289439
0.281587
0.275085
0.378405
0.25805
0.364171
0.253655
0.256216
0.357398
0.235935
0.955914
0.949646
0.956303
0.951442
0.935199
0.93371
0.90689
0.89099
0.886542
0.86057
0.806128
0.777823
0.776647
0.757525
0.685976
0.720943
0.688951
0.61912
0.590941
0.559742
0.606303
0.59143
0.4905
0.551673
0.536864
0.43561
0.419001
0.414137
0.489284
0.475418
0.37468
0.454919
0.437351
0.431211
0.318053
0.309941
0.295094
0.293795
0.289352
0.392575
0.270423
0.265729
0.258183
0.364041
0.253991
0.256064
0.356542
0.234608
0.954876
0.949646
0.9563
0.951349
0.935199
0.933857
0.908111
0.890775
0.88607
0.859342
0.804414
0.777823
0.777415
0.757883
0.685976
0.720692
0.689353
0.61912
0.59081
0.559786
0.606686
0.591743
0.4905
0.552623
0.537767
0.43561
0.41717
0.499117
0.489448
0.476112
0.37468
0.454345
0.437302
0.329406
0.318053
0.309941
0.295716
0.293716
0.289517
0.392399
0.276583
0.265729
0.258183
0.364028
0.253991
0.256064
0.356606
0.234608
0.94715
0.953689
0.956423
0.951172
0.937027
0.934848
0.907471
0.889643
0.882829
0.850971
0.827684
0.761347
0.777864
0.759026
0.681771
0.664321
0.689378
0.673892
0.589374
0.559651
0.606873
0.593259
0.489834
0.554845
0.540944
0.436622
0.51235
0.780606
0.490853
0.479125
0.373904
0.451846
0.437482
0.332453
0.318607
0.310462
0.405182
0.404571
0.289551
0.391542
0.391018
0.267315
0.25981
0.365005
0.253991
0.256206
0.35694
0.235326
0.94715
0.95325
0.956606
0.951172
0.937027
0.935025
0.907471
0.889643
0.883061
0.851405
0.827345
0.780673
0.779147
0.758765
0.681771
0.662943
0.638588
0.618304
0.654397
0.558606
0.605834
0.593523
0.489834
0.555308
0.541352
0.436004
0.420293
0.418031
0.489904
0.477479
0.373904
0.452195
0.437683
0.436186
0.318607
0.310462
0.405023
0.404085
0.290548
0.391983
0.390691
0.38131
0.25981
0.364974
0.253991
0.256206
0.356876
0.235326
0.946597
0.952433
0.956644
0.951172
0.937027
0.936143
0.903828
0.886775
0.883674
0.852805
0.826106
0.781505
0.783224
0.760701
0.685085
0.712955
0.683578
0.667505
0.593683
0.557538
0.60549
0.593435
0.491003
0.476434
0.45778
0.527598
0.419884
0.41504
0.486124
0.472937
0.372049
0.452965
0.438186
0.331622
0.320642
0.312984
0.404305
0.402385
0.291811
0.283323
0.389407
0.379095
0.259473
0.364548
0.253655
0.255703
0.356542
0.235168
0.946597
0.952862
0.956416
0.951192
0.937027
0.923132
0.903828
0.886775
0.883616
0.852523
0.826668
0.781505
0.783216
0.760649
0.685046
0.713437
0.632265
0.616058
0.655727
0.558296
0.605833
0.592501
0.491003
0.556423
0.54327
0.528186
0.421826
0.414425
0.486136
0.472962
0.372049
0.452861
0.437202
0.434819
0.320642
0.312984
0.404038
0.40177
0.291811
0.283323
0.389604
0.378773
0.259473
0.364496
0.253655
0.255703
0.356542
0.235168
0.953068
0.956731
0.9557
0.950594
0.936477
0.933864
0.904448
0.886567
0.885571
0.858144
0.804389
0.778473
0.743959
0.720942
0.69476
0.715372
0.676919
0.663715
0.654592
0.556916
0.608586
0.591335
0.487836
0.478387
0.456066
0.440659
0.510258
0.409804
0.39226
0.472065
0.370572
0.452341
0.434713
0.434848
0.319004
0.311679
0.403375
0.399307
0.288532
0.392207
0.389155
0.378256
0.259355
0.364752
0.253504
0.255703
0.356542
0.234674
0.95362
0.957885
0.95594
0.949908
0.936477
0.933894
0.904448
0.88627
0.885485
0.857801
0.806755
0.77977
0.743962
0.71849
0.69476
0.71553
0.677315
0.664807
0.655275
0.556916
0.608574
0.591827
0.487836
0.556445
0.542075
0.440659
0.508985
0.493009
0.48892
0.471857
0.370572
0.452127
0.435378
0.435487
0.319004
0.311679
0.40371
0.400018
0.288532
0.392352
0.389519
0.378638
0.259355
0.364585
0.253504
0.255703
0.356507
0.234674
0.956097
0.96008
0.955745
0.949764
0.935315
0.935232
0.90529
0.886532
0.886156
0.831001
0.806176
0.780161
0.746004
0.761795
0.683937
0.710576
0.678837
0.615715
0.657507
0.561235
0.608258
0.591607
0.487282
0.551459
0.458184
0.441253
0.418586
0.496457
0.488101
0.471104
0.370026
0.451629
0.437821
0.437414
0.319777
0.30964
0.405109
0.403619
0.288604
0.39248
0.391845
0.379631
0.259988
0.36425
0.25384
0.256093
0.356505
0.235071
0.956094
0.959369
0.956014
0.949426
0.935066
0.935418
0.90529
0.886532
0.886233
0.855216
0.82973
0.80573
0.746479
0.761495
0.68309
0.71054
0.679682
0.669938
0.656011
0.561235
0.608549
0.591398
0.487282
0.551516
0.458401
0.441253
0.507121
0.497258
0.488306
0.471304
0.370026
0.451997
0.437447
0.437194
0.319777
0.30964
0.40491
0.403229
0.288604
0.392173
0.391248
0.379887
0.259988
0.36417
0.25384
0.256093
0.356505
0.235071
0.955491
0.958763
0.95669
0.950862
0.934947
0.933885
0.9261
0.908975
0.888185
0.858875
0.829545
0.804066
0.743467
0.76053
0.682344
0.661571
0.631562
0.671979
0.652344
0.558977
0.608475
0.590527
0.487647
0.554334
0.456367
0.441237
0.511282
0.499203
0.487445
0.471747
0.368338
0.451452
0.435412
0.435992
0.320689
0.313054
0.404305
0.402109
0.290858
0.281048
0.389056
0.37986
0.259381
0.363569
0.253504
0.255732
0.356505
0.234735
0.954668
0.958782
0.94966
0.942029
0.934698
0.934011
0.926195
0.908703
0.887587
0.855622
0.829793
0.804367
0.743467
0.760202
0.682344
0.660053
0.633225
0.616811
0.653258
0.558977
0.60767
0.590929
0.487647
0.553849
0.540906
0.44105
0.510966
0.416969
0.485972
0.471974
0.368338
0.4511
0.436259
0.331944
0.320928
0.31192
0.404064
0.401664
0.290858
0.281048
0.274129
0.264753
0.259381
0.363589
0.253504
0.255732
0.356505
0.234735
0.952223
0.95128
0.954428
0.941608
0.943421
0.934267
0.923726
0.906532
0.88531
0.852005
0.825043
0.802685
0.746662
0.760199
0.732633
0.70893
0.63101
0.667876
0.655264
0.561668
0.604663
0.591733
0.487557
0.552096
0.53966
0.440509
0.420501
0.771744
0.488846
0.474135
0.365798
0.451187
0.43911
0.332246
0.319055
0.309421
0.293023
0.291888
0.288365
0.391931
0.277902
0.26829
0.25931
0.363641
0.25384
0.256093
0.356505
0.234689
0.952036
0.957242
0.954611
0.941624
0.942964
0.922084
0.924005
0.906355
0.885728
0.852616
0.825541
0.802578
0.746662
0.76069
0.73141
0.708545
0.63101
0.615584
0.655084
0.561668
0.604864
0.591734
0.487557
0.55222
0.539599
0.440509
0.421024
0.415311
0.489203
0.474391
0.365798
0.451618
0.438323
0.435654
0.319055
0.309421
0.744383
0.401057
0.288365
0.392346
0.277902
0.26829
0.25931
0.363701
0.25384
0.256093
0.356505
0.234689
0.951087
0.95776
0.948765
0.940211
0.941389
0.933225
0.924186
0.905963
0.886289
0.854912
0.826298
0.803691
0.745972
0.762302
0.726586
0.707063
0.684429
0.669643
0.654918
0.561287
0.605162
0.592204
0.488523
0.552711
0.539599
0.440999
0.511997
0.416674
0.488276
0.475271
0.368974
0.453065
0.333241
0.332744
0.318566
0.306502
0.405556
0.293788
0.288799
0.393337
0.277592
0.267037
0.259988
0.36425
0.25384
0.256093
0.356505
0.234948
0.951087
0.957856
0.948765
0.940211
0.941541
0.933184
0.923087
0.906459
0.8864
0.832831
0.799427
0.778873
0.746655
0.762209
0.726403
0.707119
0.6844
0.669609
0.654921
0.561287
0.605162
0.592214
0.488523
0.552393
0.538935
0.440786
0.511593
0.416663
0.488449
0.47482
0.368974
0.453411
0.333241
0.332744
0.318923
0.415894
0.294839
0.404052
0.288799
0.393374
0.277592
0.267037
0.259988
0.364507
0.25384
0.256093
0.356505
0.234948
0.951087
0.95811
0.956266
0.941068
0.941182
0.933326
0.919402
0.907509
0.887776
0.856405
0.806573
0.776885
0.746338
0.762955
0.727696
0.707034
0.684447
0.669968
0.654827
0.5608
0.605162
0.592154
0.489347
0.551688
0.537108
0.526588
0.509041
0.415744
0.394134
0.473989
0.369209
0.45309
0.436224
0.435126
0.316819
0.307717
0.40617
0.405714
0.292012
0.283706
0.276372
0.265795
0.259927
0.365156
0.25384
0.256093
0.356505
0.234735
0.951222
0.958148
0.955853
0.941068
0.941747
0.933203
0.920099
0.905821
0.887455
0.834696
0.806196
0.777191
0.745851
0.720503
0.72979
0.707406
0.684673
0.669798
0.654907
0.5608
0.605153
0.592037
0.489347
0.552506
0.537992
0.526903
0.509312
0.415089
0.394482
0.474119
0.369209
0.452335
0.436174
0.435464
0.423114
0.308921
0.296084
0.295235
0.292012
0.283706
0.276372
0.265795
0.259927
0.364898
0.25384
0.256093
0.356505
0.234735
0.950928
0.957618
0.954373
0.951064
0.936185
0.934863
0.906854
0.887889
0.886713
0.856199
0.807789
0.804867
0.745641
0.760468
0.734697
0.707918
0.685041
0.671676
0.654668
0.560675
0.604904
0.592287
0.489212
0.554766
0.540636
0.528674
0.511558
0.416454
0.392166
0.47318
0.366037
0.450535
0.435778
0.4359
0.423259
0.417541
0.40619
0.296358
0.289171
0.393336
0.276619
0.266503
0.259737
0.36425
0.25384
0.256093
0.356505
0.234994
0.951078
0.957782
0.954401
0.951241
0.94493
0.93537
0.906854
0.88936
0.886713
0.833612
0.807697
0.777313
0.745629
0.760403
0.734788
0.707512
0.68493
0.671433
0.654652
0.560675
0.604436
0.592223
0.489212
0.554346
0.541201
0.440176
0.511448
0.416202
0.487242
0.376195
0.368949
0.449673
0.438054
0.330435
0.423445
0.417494
0.405711
0.405698
0.289171
0.393346
0.276619
0.266503
0.259737
0.364231
0.25384
0.256093
0.356505
0.234994
0.952164
0.958966
0.954874
0.951803
0.943466
0.93457
0.92191
0.9056
0.886877
0.857306
0.836683
0.803911
0.744321
0.761141
0.734632
0.706204
0.684802
0.669718
0.654682
0.558247
0.603274
0.592033
0.488855
0.476292
0.543503
0.439479
0.421122
0.497067
0.391368
0.474094
0.369522
0.448345
0.334756
0.434831
0.423745
0.417337
0.295011
0.294328
0.29003
0.393591
0.27619
0.266164
0.259737
0.364178
0.253504
0.255732
0.356505
0.234735
0.952015
0.959038
0.954847
0.951819
0.943037
0.9235
0.922348
0.888881
0.8869
0.85734
0.836439
0.778184
0.744758
0.72097
0.73492
0.70698
0.68475
0.670732
0.65463
0.558247
0.603748
0.592233
0.488855
0.475774
0.54324
0.439479
0.509688
0.49684
0.776403
0.474036
0.464771
0.354872
0.335351
0.329032
0.42367
0.417077
0.741351
0.401896
0.29003
0.39384
0.390561
0.380478
0.259737
0.364435
0.253504
0.255732
0.356505
0.234735
0.951637
0.959426
0.954664
0.951644
0.940936
0.934791
0.905904
0.907412
0.885866
0.830989
0.804315
0.804553
0.745078
0.7635
0.73635
0.710234
0.685351
0.674014
0.654576
0.560134
0.605162
0.591782
0.489185
0.47612
0.541435
0.440131
0.509418
0.496961
0.38906
0.375873
0.464726
0.355447
0.439639
0.331703
0.423114
0.308903
0.294635
0.293766
0.289292
0.393778
0.391845
0.379631
0.260387
0.365489
0.253504
0.255732
0.356505
0.234898
0.951785
0.9593
0.954283
0.951318
0.940224
0.934982
0.905904
0.908146
0.886046
0.853407
0.804315
0.804323
0.744598
0.762461
0.736069
0.710826
0.686224
0.673498
0.654914
0.560134
0.605157
0.591956
0.489185
0.552615
0.541272
0.440131
0.509433
0.49739
0.38906
0.373931
0.464483
0.355447
0.438623
0.435615
0.422948
0.41592
0.405139
0.402757
0.289292
0.393408
0.391241
0.379388
0.260387
0.365273
0.253504
0.255732
0.356505
0.234898
0.952208
0.958873
0.953173
0.95001
0.938817
0.933131
0.902921
0.909012
0.886478
0.854191
0.805193
0.804892
0.744163
0.760052
0.733131
0.71128
0.688904
0.672755
0.655537
0.559527
0.604888
0.592758
0.488429
0.55245
0.54126
0.438522
0.509082
0.496788
0.392656
0.474644
0.464095
0.357262
0.435907
0.436921
0.422482
0.414675
0.406242
0.405322
0.289276
0.392742
0.389117
0.377996
0.260387
0.364413
0.2527
0.255282
0.356505
0.235071
0.95185
0.958141
0.953378
0.95008
0.930391
0.922195
0.902921
0.907781
0.885841
0.854908
0.805193
0.805087
0.744163
0.759897
0.734952
0.711126
0.688626
0.673002
0.655537
0.559527
0.604892
0.592548
0.488429
0.552444
0.541178
0.438522
0.508754
0.496736
0.489082
0.475114
0.464413
0.357262
0.435868
0.437039
0.316967
0.307316
0.406051
0.404783
0.289276
0.393085
0.389745
0.377836
0.260387
0.364376
0.2527
0.255282
0.356505
0.235071
0.950254
0.956926
0.953657
0.949526
0.93897
0.934226
0.906815
0.909739
0.886285
0.854396
0.806785
0.804086
0.746518
0.762363
0.739262
0.711208
0.687225
0.672361
0.655537
0.559527
0.605162
0.591885
0.488285
0.552582
0.540598
0.440428
0.508623
0.497984
0.397002
0.380607
0.464877
0.357102
0.436093
0.437305
0.319014
0.41549
0.295669
0.403867
0.287991
0.393483
0.391404
0.377738
0.259988
0.36428
0.253855
0.255826
0.356505
0.234944
0.950638
0.956893
0.953657
0.940725
0.939263
0.933814
0.906815
0.909853
0.886374
0.854082
0.806785
0.777907
0.746518
0.763082
0.735506
0.711399
0.687253
0.672102
0.655891
0.559527
0.605162
0.591894
0.488285
0.552549
0.540611
0.440428
0.509245
0.498463
0.395905
0.379973
0.46414
0.356915
0.435951
0.331355
0.318726
0.415636
0.295669
0.404589
0.287991
0.39256
0.391114
0.379316
0.259988
0.364864
0.253855
0.255826
0.356505
0.234944
0.950382
0.955831
0.953657
0.949714
0.939221
0.93339
0.902874
0.907081
0.88667
0.854712
0.806553
0.804635
0.746093
0.763271
0.725808
0.712652
0.68799
0.672506
0.656092
0.560843
0.605162
0.592178
0.488584
0.552601
0.540611
0.439343
0.509939
0.499766
0.489415
0.47597
0.463281
0.754224
0.436121
0.330143
0.316252
0.307327
0.406276
0.405571
0.290298
0.390716
0.277064
0.270743
0.261613
0.252961
0.25384
0.256093
0.356505
0.235025
0.949894
0.955324
0.953657
0.949638
0.938708
0.93371
0.902874
0.90719
0.886496
0.854719
0.806085
0.778258
0.746093
0.762625
0.730212
0.71184
0.687918
0.672413
0.656139
0.560843
0.605159
0.591804
0.488584
0.553918
0.540617
0.439343
0.509413
0.498027
0.392391
0.380702
0.463284
0.354421
0.436253
0.436741
0.316457
0.307707
0.406111
0.404662
0.290298
0.390743
0.390194
0.270124
0.261613
0.252961
0.25384
0.256093
0.356505
0.235025
0.94565
0.955468
0.953657
0.940812
0.929193
0.933271
0.903569
0.906202
0.886556
0.854759
0.806057
0.778025
0.746518
0.762914
0.740005
0.709535
0.686569
0.671485
0.656579
0.561266
0.604953
0.591366
0.489517
0.478536
0.539757
0.441439
0.508338
0.497271
0.391549
0.377911
0.461584
0.352523
0.330802
0.43655
0.319297
0.416951
0.295504
0.402724
0.289292
0.390702
0.389408
0.382296
0.260862
0.365889
0.253504
0.255732
0.356505
0.235025
0.949196
0.955404
0.953756
0.941538
0.938637
0.933067
0.901979
0.905445
0.886556
0.854721
0.806057
0.805829
0.746518
0.76285
0.737225
0.709525
0.686514
0.671735
0.656747
0.561266
0.604521
0.591641
0.489517
0.557253
0.539716
0.441439
0.5084
0.497058
0.488437
0.477174
0.461265
0.352523
0.437647
0.436365
0.319728
0.309147
0.296713
0.294916
0.289292
0.390236
0.27553
0.382359
0.260862
0.251509
0.253504
0.255732
0.356505
0.235025
0.94968
0.955541
0.953906
0.947829
0.938614
0.933418
0.901426
0.88547
0.886556
0.854721
0.807921
0.809478
0.74419
0.761483
0.730001
0.709719
0.686393
0.67202
0.656553
0.557771
0.603675
0.591842
0.488225
0.477475
0.543431
0.438681
0.50733
0.495708
0.488372
0.473363
0.462121
0.353944
0.439279
0.330711
0.319393
0.310471
0.405396
0.294896
0.289619
0.389746
0.38851
0.269029
0.260315
0.251128
0.25384
0.256093
0.356505
0.234994
0.949922
0.955832
0.953806
0.940117
0.938806
0.933645
0.901426
0.901792
0.886722
0.85425
0.807921
0.779991
0.74419
0.761429
0.730087
0.708879
0.686349
0.67274
0.655598
0.557771
0.604097
0.592039
0.488225
0.556072
0.543561
0.4386
0.506927
0.495732
0.487937
0.474041
0.463758
0.353944
0.330863
0.437929
0.42576
0.417534
0.405082
0.404055
0.289619
0.390221
0.273538
0.269509
0.373816
0.251128
0.25384
0.256093
0.356505
0.234994
0.949922
0.955907
0.953877
0.947923
0.939106
0.933887
0.903256
0.888499
0.886385
0.852222
0.801848
0.802334
0.744597
0.761826
0.729955
0.707153
0.6866
0.67417
0.6547
0.561311
0.605366
0.59225
0.488449
0.552398
0.543355
0.439147
0.506406
0.495218
0.488083
0.473327
0.462514
0.356661
0.331884
0.438467
0.42575
0.417589
0.294616
0.293514
0.288816
0.279691
0.386949
0.379519
0.373945
0.251342
0.25384
0.256093
0.356505
0.234898
0.949705
0.955801
0.953861
0.94813
0.938789
0.933002
0.918206
0.903842
0.886467
0.853099
0.828743
0.802684
0.744597
0.762123
0.732334
0.707153
0.686644
0.67324
0.654777
0.561311
0.605328
0.592244
0.488449
0.472971
0.542002
0.438288
0.50685
0.496005
0.488406
0.474169
0.465823
0.356661
0.438009
0.438396
0.425557
0.418314
0.296601
0.293483
0.288816
0.391543
0.386947
0.379949
0.373945
0.251342
0.25384
0.256093
0.356505
0.234898
0.948984
0.955378
0.95349
0.949117
0.938901
0.934328
0.903036
0.886674
0.886639
0.852112
0.830155
0.805008
0.744347
0.762588
0.737997
0.707268
0.686393
0.670734
0.654672
0.560592
0.60542
0.592274
0.488213
0.47344
0.538094
0.525292
0.415814
0.410079
0.396125
0.476117
0.4652
0.35463
0.440855
0.439032
0.425197
0.420374
0.405956
0.406205
0.288742
0.391631
0.38758
0.381523
0.373945
0.251342
0.25384
0.256093
0.356505
0.235025
0.948286
0.954685
0.953491
0.948899
0.939121
0.933954
0.903036
0.900784
0.884893
0.852222
0.829485
0.80523
0.745583
0.762473
0.736279
0.707047
0.686393
0.671006
0.655173
0.560592
0.605465
0.592122
0.488213
0.551177
0.539251
0.525408
0.415968
0.410607
0.394685
0.475829
0.465188
0.35463
0.440084
0.438738
0.4253
0.419909
0.405552
0.40581
0.288742
0.391321
0.38758
0.381501
0.373841
0.251342
0.25384
0.256093
0.356505
0.235025
0.946885
0.952501
0.953695
0.947923
0.939012
0.932386
0.916042
0.882884
0.880612
0.852903
0.829985
0.80394
0.745988
0.761974
0.731768
0.706802
0.686393
0.671373
0.65638
0.560685
0.605261
0.592174
0.48712
0.474288
0.542981
0.439042
0.506969
0.496564
0.778814
0.47362
0.464991
0.355566
0.438241
0.437657
0.425176
0.418754
0.404451
0.402982
0.288813
0.390798
0.38758
0.381547
0.373496
0.250498
0.253504
0.255732
0.356505
0.234853
0.947277
0.952836
0.953486
0.947794
0.938888
0.932731
0.917144
0.898497
0.88435
0.853882
0.803858
0.803677
0.745988
0.761962
0.732055
0.707916
0.686359
0.671134
0.656557
0.560685
0.605238
0.591549
0.48712
0.473851
0.541277
0.438596
0.507455
0.496601
0.489358
0.475143
0.463757
0.354697
0.438493
0.330595
0.42524
0.418676
0.404658
0.403248
0.288813
0.390301
0.387605
0.381306
0.259953
0.250498
0.253504
0.255732
0.356553
0.234853
0.948589
0.953787
0.952895
0.947948
0.938522
0.934091
0.919966
0.901369
0.886595
0.85199
0.826916
0.776121
0.74091
0.719821
0.733274
0.711322
0.686367
0.671583
0.656415
0.559256
0.604777
0.58959
0.486224
0.554437
0.54117
0.439115
0.508707
0.495795
0.490489
0.475195
0.993898
0.990443
0.994182
0.995812
0.995041
0.98886
0.989098
0.995961
0.977126
0.982888
0.98536
0.991758
0.975825
0.975962
0.977737
0.984335
0.983405
0.981504
0.976073
0.986955
0.977148
0.979138
0.982565
0.982663
0.977387
0.981668
0.968789
0.980789
0.975871
0.978402
0.980392
0.98255
0.97976
0.975713
0.97767
0.97721
0.97958
0.975237
0.978565
0.978598
0.974467
0.977481
0.978083
0.972186
0.979929
0.979264
0.978181
0.973208
0.977697
0.975777
0.990443
0.994182
0.995812
0.995041
0.98886
0.989098
0.995358
0.978666
0.982888
0.98536
0.986999
0.975825
0.975962
0.977737
0.987085
0.983405
0.981982
0.976073
0.986955
0.977148
0.979106
0.982527
0.984006
0.977387
0.981668
0.968789
0.980789
0.975871
0.978402
0.980392
0.98255
0.97976
0.975713
0.977286
0.97721
0.97958
0.975237
0.978565
0.978598
0.974467
0.971737
0.978951
0.972186
0.978589
0.979264
0.978181
0.973208
0.972463
0.982276
0.99149
0.996098
0.995812
0.995135
0.997016
0.983576
0.993688
0.981021
0.983253
0.988537
0.98288
0.987898
0.976005
0.985686
0.987085
0.981339
0.98184
0.980219
0.984137
0.983659
0.971154
0.981538
0.980864
0.981466
0.974422
0.97824
0.975163
0.976195
0.976019
0.98098
0.97901
0.979851
0.978431
0.974956
0.973319
0.981006
0.973103
0.977913
0.978953
0.978437
0.973638
0.978214
0.972186
0.978589
0.979264
0.978181
0.973208
0.972463
0.982276
0.99149
0.996098
0.995812
0.995135
0.997016
0.983576
0.993688
0.981021
0.982099
0.98564
0.983615
0.987898
0.976005
0.985686
0.987085
0.981339
0.98184
0.980518
0.984137
0.983659
0.970592
0.981239
0.981607
0.981466
0.975075
0.97824
0.975163
0.97636
0.976019
0.98098
0.97901
0.980248
0.979917
0.974956
0.973319
0.980604
0.973103
0.977913
0.978953
0.978437
0.973638
0.978214
0.972186
0.978589
0.979264
0.978181
0.973208
0.972463
0.988894
0.993443
0.996098
0.995854
0.995135
0.995886
0.988054
0.993132
0.987587
0.982835
0.98884
0.982874
0.987929
0.975374
0.984127
0.984234
0.984468
0.983099
0.986525
0.97347
0.986765
0.968058
0.982402
0.980497
0.98189
0.976185
0.978216
0.977483
0.977044
0.976019
0.98098
0.97901
0.974985
0.978001
0.979341
0.977636
0.975246
0.973103
0.973849
0.978694
0.979607
0.978169
0.978214
0.978088
0.975987
0.973988
0.973822
0.97768
0.972463
0.988894
0.993443
0.996098
0.995854
0.995135
0.995886
0.988054
0.993132
0.987587
0.978937
0.991415
0.98583
0.987929
0.975374
0.984127
0.984234
0.984468
0.983099
0.986525
0.97347
0.986765
0.968058
0.982402
0.980783
0.977991
0.976185
0.978216
0.977483
0.977044
0.976019
0.98098
0.97901
0.974985
0.978001
0.979341
0.977636
0.974837
0.973103
0.973849
0.978653
0.979607
0.978169
0.978214
0.978088
0.975987
0.973988
0.973822
0.97768
0.972463
0.986634
0.997532
0.995758
0.994231
0.995016
0.995899
0.989615
0.993132
0.987587
0.978937
0.990899
0.979391
0.984362
0.979805
0.984127
0.984234
0.980948
0.983099
0.986525
0.976532
0.985249
0.967905
0.982402
0.980783
0.978134
0.972109
0.978216
0.977443
0.977044
0.976019
0.98098
0.981903
0.979563
0.980564
0.97776
0.975826
0.978305
0.967939
0.978193
0.972706
0.978437
0.973606
0.976405
0.972464
0.97193
0.973988
0.973822
0.973814
0.972463
0.986634
0.997532
0.995758
0.994231
0.995016
0.995899
0.989615
0.993132
0.987587
0.978937
0.990899
0.979304
0.984362
0.979805
0.984127
0.984234
0.980948
0.983099
0.986525
0.976532
0.985249
0.967905
0.982402
0.980783
0.978035
0.975985
0.974008
0.977443
0.977044
0.976019
0.98098
0.981903
0.979563
0.979665
0.97776
0.975958
0.97958
0.967361
0.978193
0.971988
0.978398
0.973606
0.976405
0.972464
0.97193
0.973988
0.973822
0.973814
0.972463
0.988894
0.995029
0.995758
0.994231
0.995716
0.994267
0.989615
0.993132
0.987587
0.978937
0.988267
0.985321
0.987929
0.975374
0.984127
0.984234
0.980948
0.980577
0.983589
0.976069
0.985249
0.967905
0.982402
0.980783
0.978035
0.97622
0.97244
0.977341
0.977044
0.976019
0.98098
0.97901
0.97741
0.979665
0.97776
0.975958
0.978232
0.970976
0.977813
0.971043
0.979408
0.974938
0.976405
0.972464
0.97193
0.973988
0.973822
0.973814
0.972463
0.988894
0.995029
0.995758
0.994231
0.995716
0.994267
0.989615
0.993132
0.987587
0.978937
0.988267
0.985538
0.987929
0.975374
0.984127
0.984234
0.980948
0.980577
0.983589
0.976069
0.985249
0.967905
0.982402
0.980783
0.978035
0.975765
0.97193
0.977351
0.977044
0.976019
0.98098
0.97901
0.97741
0.979665
0.97776
0.975958
0.978232
0.970702
0.97779
0.971043
0.978943
0.975162
0.976405
0.972464
0.97193
0.973988
0.973822
0.973814
0.972463
0.986634
0.997532
0.995758
0.994231
0.996818
0.994267
0.989615
0.993132
0.987587
0.978937
0.990899
0.976671
0.987929
0.975374
0.984127
0.982725
0.98198
0.983099
0.984562
0.973408
0.985249
0.967905
0.982402
0.980783
0.978035
0.971107
0.977908
0.976498
0.977044
0.976019
0.98098
0.97901
0.97741
0.980425
0.97776
0.975958
0.978232
0.970702
0.978193
0.974694
0.978369
0.971944
0.976405
0.972464
0.97193
0.973988
0.973822
0.973814
0.972463
0.986634
0.997532
0.995758
0.994231
0.996818
0.994267
0.989615
0.993132
0.987587
0.978937
0.990899
0.975927
0.987929
0.975374
0.984127
0.984234
0.98198
0.983099
0.986525
0.973408
0.985249
0.967905
0.982402
0.980783
0.977711
0.970263
0.973035
0.977443
0.977044
0.976019
0.98098
0.97901
0.97741
0.980564
0.97776
0.975958
0.978232
0.970702
0.978193
0.974648
0.978369
0.971737
0.976405
0.972464
0.97193
0.973988
0.973822
0.973814
0.972463
0.98551
0.996441
0.995741
0.994231
0.996818
0.994267
0.989615
0.993132
0.987587
0.978937
0.989376
0.978916
0.987929
0.975374
0.984127
0.984734
0.986001
0.982037
0.982023
0.973408
0.985249
0.967905
0.982402
0.982019
0.978035
0.973676
0.975761
0.973814
0.977044
0.976019
0.98098
0.97901
0.979663
0.979844
0.97776
0.975958
0.97958
0.967361
0.979106
0.965919
0.978727
0.971737
0.976405
0.972464
0.97193
0.973988
0.973822
0.973814
0.972463
0.98551
0.996441
0.995741
0.994231
0.996818
0.994267
0.989615
0.993132
0.987587
0.978937
0.989376
0.978757
0.987929
0.975374
0.984127
0.984734
0.984499
0.983099
0.982023
0.973408
0.985249
0.967905
0.982402
0.982425
0.978035
0.973676
0.975761
0.973331
0.977044
0.976019
0.98098
0.97901
0.979663
0.979665
0.97776
0.975958
0.97958
0.967361
0.979106
0.965919
0.978727
0.971737
0.976405
0.972464
0.97193
0.973988
0.973822
0.973814
0.972463
0.988894
0.995695
0.992828
0.996712
0.996818
0.995234
0.989615
0.993132
0.987587
0.978937
0.987778
0.982327
0.985401
0.975863
0.984127
0.984734
0.984499
0.983099
0.982023
0.973408
0.985249
0.967905
0.982402
0.981974
0.974574
0.979575
0.980107
0.976265
0.977044
0.976019
0.98098
0.97901
0.979663
0.979665
0.97776
0.975958
0.978232
0.970702
0.97779
0.971117
0.978727
0.971737
0.976405
0.972464
0.97193
0.973988
0.973822
0.973814
0.972463
0.988894
0.995695
0.992828
0.996712
0.996818
0.995234
0.989615
0.993132
0.987587
0.978937
0.988908
0.985709
0.985401
0.975863
0.984127
0.984734
0.984499
0.983099
0.982023
0.973408
0.985249
0.967905
0.982402
0.981978
0.974574
0.979849
0.98059
0.977374
0.977044
0.976019
0.98098
0.97901
0.979663
0.979665
0.97776
0.975958
0.978232
0.970702
0.97779
0.971043
0.978727
0.971737
0.976405
0.972464
0.97193
0.973988
0.973822
0.973814
0.972463
0.988894
0.995695
0.994111
0.996953
0.996818
0.995234
0.989615
0.993584
0.987587
0.975393
0.98834
0.97855
0.987929
0.975374
0.984127
0.984734
0.980336
0.983099
0.982023
0.973408
0.985249
0.967905
0.982402
0.981952
0.974574
0.981516
0.974019
0.981036
0.976185
0.976019
0.98098
0.97901
0.979663
0.979665
0.97776
0.975958
0.97958
0.967361
0.97779
0.971043
0.978727
0.971737
0.976405
0.972464
0.97193
0.973988
0.973822
0.973814
0.972463
0.988894
0.995695
0.994111
0.996953
0.996818
0.995234
0.989615
0.993584
0.987587
0.975393
0.98834
0.97851
0.987929
0.975374
0.984127
0.984734
0.980336
0.983099
0.982023
0.973408
0.985249
0.967905
0.982402
0.98198
0.974574
0.981785
0.973846
0.981548
0.976093
0.976019
0.98098
0.97901
0.979663
0.979665
0.97776
0.975958
0.97958
0.967361
0.97779
0.971117
0.978727
0.971737
0.976405
0.972464
0.97193
0.973988
0.973822
0.973814
0.972463
0.988894
0.995695
0.994111
0.996953
0.996818
0.992621
0.989615
0.993128
0.987587
0.975393
0.98834
0.97851
0.987929
0.975374
0.984127
0.984234
0.984468
0.983099
0.982023
0.973408
0.985249
0.967905
0.982402
0.979476
0.974574
0.981785
0.968566
0.979454
0.976909
0.976019
0.98098
0.97901
0.979663
0.979665
0.97776
0.975958
0.97958
0.967361
0.979106
0.965919
0.978727
0.971737
0.976405
0.972464
0.97193
0.973988
0.973822
0.973814
0.972463
0.988894
0.995695
0.994111
0.996953
0.996818
0.992621
0.989615
0.993128
0.987587
0.975393
0.98834
0.97851
0.987929
0.975374
0.984127
0.984234
0.984468
0.983099
0.982023
0.973408
0.985249
0.967905
0.982402
0.979401
0.974574
0.981785
0.970771
0.978735
0.976689
0.976019
0.98098
0.97901
0.979663
0.979665
0.97776
0.975958
0.97958
0.967361
0.979106
0.965919
0.97881
0.971944
0.976405
0.972464
0.97193
0.973988
0.973822
0.973814
0.972463
0.986634
0.992357
0.996098
1
0.994325
0.991194
0.989615
0.993128
0.987587
0.975393
0.98834
0.97842
0.987929
0.975374
0.984127
0.980647
0.984983
0.985435
0.982023
0.973408
0.985249
0.967905
0.982402
0.979401
0.974574
0.979659
0.97533
0.981407
0.976716
0.976019
0.98098
0.97901
0.979663
0.980425
0.97776
0.975958
0.978232
0.970702
0.97779
0.971117
0.979408
0.975162
0.976405
0.972464
0.97193
0.973988
0.973822
0.973814
0.972463
0.986634
0.992357
0.996098
1
0.994325
0.991194
0.989615
0.993128
0.987587
0.975393
0.98834
0.97842
0.987929
0.975374
0.984127
0.980647
0.984983
0.985435
0.982023
0.973408
0.985249
0.967905
0.982402
0.979401
0.974574
0.979872
0.975413
0.981486
0.977073
0.976019
0.98098
0.97901
0.979663
0.980564
0.977969
0.975391
0.978258
0.969982
0.97779
0.971043
0.978943
0.974938
0.976405
0.972464
0.97193
0.973988
0.973822
0.973814
0.972463
0.986634
0.992357
0.995741
0.996978
0.991651
0.990506
0.989615
0.993128
0.987587
0.975393
0.98834
0.97851
0.987929
0.975374
0.984127
0.980647
0.984983
0.98589
0.982023
0.973408
0.985249
0.967905
0.982402
0.979401
0.974574
0.979872
0.976863
0.979771
0.976189
0.976019
0.98098
0.981903
0.978274
0.982125
0.978338
0.97328
0.9784
0.97297
0.97779
0.971043
0.978943
0.974938
0.976405
0.972464
0.97193
0.973988
0.973822
0.973814
0.972463
0.986634
0.992357
0.995741
0.996978
0.991651
0.990506
0.989615
0.993128
0.987587
0.975393
0.98834
0.97855
0.987929
0.975374
0.984127
0.980647
0.984983
0.98589
0.982023
0.973408
0.985249
0.967905
0.982402
0.979401
0.974574
0.979872
0.977882
0.980224
0.976093
0.976019
0.98098
0.981903
0.978274
0.982287
0.978338
0.97328
0.978353
0.973103
0.97779
0.971117
0.979408
0.975162
0.976405
0.972464
0.97193
0.973988
0.973822
0.973814
0.972463
0.986634
0.992357
0.996098
0.994184
0.991651
0.992645
0.989615
0.993128
0.987587
0.978937
0.988908
0.983757
0.988407
0.974454
0.984127
0.980647
0.984983
0.98589
0.982023
0.973408
0.985249
0.967905
0.982402
0.983356
0.978006
0.978426
0.977882
0.980916
0.976093
0.976019
0.98098
0.981903
0.975954
0.979665
0.975049
0.971884
0.978232
0.973103
0.976495
0.965919
0.97881
0.971944
0.976405
0.972464
0.97193
0.973988
0.973822
0.973814
0.972463
0.986634
0.992357
0.996098
0.994184
0.991651
0.992645
0.989615
0.993128
0.987587
0.975393
0.985331
0.983131
0.9831
0.979893
0.984127
0.980647
0.984983
0.98589
0.982023
0.973408
0.985249
0.967905
0.982402
0.983356
0.978006
0.978426
0.977882
0.981517
0.976093
0.976019
0.98098
0.981903
0.975954
0.979665
0.975081
0.972531
0.978236
0.971796
0.976495
0.965919
0.97881
0.971944
0.976405
0.972464
0.97193
0.973988
0.973822
0.973814
0.972463
0.986634
0.992357
0.996098
0.987987
0.993931
0.995221
0.987654
0.993675
0.987587
0.975393
0.98834
0.97842
0.987929
0.975374
0.984127
0.980647
0.984983
0.981462
0.982023
0.973408
0.985249
0.967905
0.982402
0.983356
0.978006
0.978426
0.977882
0.979947
0.976093
0.976019
0.98098
0.981903
0.979563
0.979665
0.975081
0.977642
0.976722
0.96791
0.97779
0.971117
0.979408
0.975162
0.976405
0.972464
0.97193
0.973988
0.973822
0.973814
0.972463
0.986634
0.992357
0.996098
0.987987
0.993931
0.995221
0.987654
0.993675
0.987587
0.975393
0.98834
0.979406
0.987929
0.975374
0.984127
0.980647
0.984983
0.981462
0.982023
0.973408
0.985249
0.967905
0.982402
0.983356
0.978006
0.978426
0.977882
0.980224
0.976093
0.976019
0.98098
0.981903
0.979563
0.979665
0.975081
0.977636
0.976931
0.967361
0.97779
0.971043
0.979408
0.975162
0.976405
0.972464
0.97193
0.973988
0.973822
0.973814
0.972463
0.986634
0.991718
0.996908
0.992084
0.994911
0.996706
0.989615
0.993128
0.987587
0.978937
0.987817
0.988867
0.988407
0.974454
0.984127
0.980647
0.984983
0.98589
0.982023
0.973408
0.985249
0.967905
0.982402
0.982007
0.972588
0.977795
0.96785
0.981941
0.977073
0.980058
0.980276
0.974907
0.979663
0.980552
0.975081
0.975205
0.978232
0.970702
0.97779
0.971043
0.97881
0.971944
0.976405
0.972464
0.97193
0.973988
0.973822
0.973814
0.972463
0.986634
0.991718
0.996908
0.992084
0.994911
0.996706
0.989615
0.993128
0.987587
0.978937
0.987817
0.989273
0.9831
0.979893
0.984127
0.980647
0.984983
0.98589
0.982023
0.973408
0.985249
0.967905
0.982402
0.981978
0.972588
0.977795
0.96785
0.981848
0.977073
0.980058
0.980276
0.975251
0.979566
0.97841
0.975081
0.975205
0.978258
0.969982
0.97779
0.971043
0.978727
0.971737
0.976405
0.972464
0.97193
0.973988
0.973822
0.973814
0.972463
0.986634
0.991718
0.996908
0.992084
0.994911
0.996706
0.989584
0.993082
0.987587
0.975393
0.989389
0.985709
0.987929
0.975374
0.984127
0.980647
0.984983
0.98589
0.982023
0.973408
0.985249
0.967905
0.982402
0.979615
0.972588
0.977795
0.96785
0.981848
0.976815
0.976725
0.980276
0.981205
0.979563
0.979844
0.975081
0.972192
0.978215
0.97297
0.97779
0.971043
0.978727
0.971737
0.976405
0.972464
0.97193
0.973988
0.973822
0.973814
0.972463
0.986634
0.991718
0.996908
0.992084
0.994911
0.996706
0.989584
0.993082
0.987587
0.975393
0.989389
0.985709
0.987929
0.975374
0.984127
0.980647
0.984983
0.98589
0.982023
0.973408
0.985249
0.967905
0.982402
0.979401
0.972588
0.977795
0.969291
0.981848
0.977101
0.976725
0.980276
0.981205
0.979563
0.979665
0.975081
0.971884
0.978232
0.973103
0.97779
0.971043
0.978727
0.971737
0.976405
0.972464
0.97193
0.973988
0.973822
0.973814
0.972463
0.986634
0.991718
0.996908
0.996029
0.993885
0.990241
0.989584
0.993082
0.987587
0.975393
0.989389
0.985709
0.987929
0.975374
0.984127
0.980647
0.984983
0.98589
0.982023
0.973408
0.985249
0.967905
0.982402
0.979401
0.972588
0.977795
0.974494
0.981486
0.97723
0.980058
0.980276
0.981205
0.979563
0.979665
0.975081
0.971884
0.978232
0.973103
0.97779
0.971043
0.978727
0.971737
0.976405
0.972464
0.97193
0.973988
0.973822
0.973814
0.972463
0.986634
0.991718
0.996908
0.996029
0.993885
0.990241
0.989584
0.993082
0.987587
0.975393
0.989389
0.985709
0.987929
0.975374
0.984127
0.980647
0.984983
0.98589
0.982023
0.973408
0.985249
0.967905
0.982402
0.979401
0.972588
0.977795
0.974494
0.981486
0.977073
0.980058
0.980276
0.981205
0.979563
0.979665
0.975049
0.971884
0.978232
0.973103
0.97779
0.971043
0.978727
0.971737
0.976405
0.972464
0.97193
0.973988
0.973822
0.973814
0.972463
0.986634
0.991718
0.996908
0.996029
0.992302
0.99382
0.989584
0.993082
0.987587
0.975393
0.989389
0.985709
0.987929
0.975374
0.984127
0.980647
0.984983
0.98589
0.982023
0.973408
0.985249
0.967905
0.982402
0.982895
0.972588
0.977795
0.969291
0.981848
0.975674
0.980058
0.980276
0.981205
0.979563
0.979665
0.978338
0.97328
0.978353
0.973103
0.97779
0.971043
0.978727
0.971737
0.976405
0.972464
0.97193
0.973988
0.973822
0.973814
0.972463
0.986634
0.991718
0.996908
0.996029
0.992302
0.99382
0.989584
0.993082
0.987587
0.975393
0.989389
0.985709
0.987929
0.975374
0.984127
0.980647
0.984983
0.98589
0.982023
0.973408
0.985249
0.967905
0.982402
0.983393
0.972588
0.977795
0.96785
0.981848
0.975674
0.980058
0.980276
0.981205
0.979563
0.979665
0.978338
0.97328
0.978353
0.973103
0.97779
0.971043
0.978727
0.971737
0.976405
0.972464
0.97193
0.973988
0.973822
0.973814
0.972463
0.986634
0.991718
0.996908
0.996029
0.994325
0.994283
0.989584
0.993082
0.987587
0.975393
0.98834
0.97851
0.987929
0.975374
0.984127
0.980647
0.984983
0.98589
0.982023
0.973408
0.985249
0.967905
0.982402
0.983393
0.972588
0.977795
0.96785
0.981941
0.97574
0.980058
0.980276
0.977752
0.979563
0.980425
0.975049
0.971884
0.978232
0.973103
0.97779
0.971043
0.978437
0.97491
0.978871
0.97871
0.97193
0.973988
0.973822
0.973814
0.972463
0.986634
0.991718
0.996908
0.996029
0.994325
0.994283
0.989584
0.993082
0.987587
0.975393
0.98834
0.97855
0.987929
0.975374
0.984127
0.980647
0.984983
0.98589
0.982023
0.973408
0.985249
0.967905
0.982402
0.983393
0.972588
0.977795
0.96785
0.981848
0.975674
0.980058
0.980276
0.977287
0.979563
0.980564
0.975049
0.971884
0.978232
0.973103
0.97779
0.971043
0.978437
0.97491
0.978871
0.97871
0.97193
0.973988
0.973822
0.973814
0.972463
0.98551
0.989329
0.996908
0.996029
0.993885
0.990241
0.989584
0.993082
0.987587
0.975393
0.985331
0.985709
0.987929
0.975374
0.984127
0.980647
0.984983
0.98589
0.982023
0.973408
0.985249
0.967905
0.982402
0.982048
0.974259
0.981732
0.96785
0.982662
0.976789
0.980058
0.980276
0.977287
0.980053
0.980564
0.978338
0.97328
0.978353
0.973103
0.97779
0.971043
0.978437
0.971991
0.98224
0.976202
0.97193
0.973988
0.973822
0.973814
0.972463
0.98551
0.989329
0.996908
0.996029
0.993885
0.990241
0.989584
0.993082
0.987587
0.975393
0.985331
0.985709
0.987929
0.975374
0.984127
0.980647
0.984983
0.98589
0.982023
0.973408
0.985249
0.967905
0.982402
0.981115
0.974533
0.982409
0.96785
0.982809
0.977073
0.980058
0.980276
0.977287
0.980248
0.980564
0.978338
0.973447
0.978357
0.971796
0.97779
0.971043
0.977992
0.971991
0.98224
0.976202
0.97193
0.973988
0.973822
0.973814
0.972463
0.98551
0.989329
0.996908
0.996029
0.992733
0.995247
0.985166
0.99473
0.987587
0.975393
0.989389
0.985709
0.987929
0.975374
0.984127
0.980647
0.984983
0.981462
0.982023
0.973408
0.985249
0.967905
0.982402
0.982048
0.972801
0.9806
0.965945
0.98188
0.977073
0.980058
0.980276
0.977287
0.976273
0.979844
0.975049
0.977636
0.976722
0.96791
0.97779
0.971988
0.96656
0.969583
0.980347
0.972464
0.97193
0.973988
0.973822
0.973814
0.972463
0.98551
0.989329
0.996908
0.996029
0.992733
0.995247
0.985166
0.99473
0.987587
0.975393
0.989389
0.985709
0.987929
0.975374
0.984127
0.980647
0.984983
0.981462
0.982023
0.973408
0.985249
0.967905
0.982402
0.981978
0.972588
0.980253
0.965945
0.98188
0.977073
0.980058
0.980276
0.977287
0.976273
0.979665
0.975081
0.977636
0.976931
0.967361
0.97779
0.971988
0.965795
0.969583
0.980347
0.972464
0.97193
0.973988
0.973822
0.973814
0.972463
0.98551
0.989329
0.996908
0.996177
0.992733
0.990241
0.982238
0.992477
0.987587
0.975393
0.98834
0.97842
0.987929
0.975374
0.984127
0.980647
0.984983
0.981462
0.982023
0.973408
0.985249
0.967905
0.982402
0.981978
0.972588
0.977795
0.96785
0.982809
0.977073
0.980058
0.980276
0.98069
0.979539
0.979665
0.975081
0.975205
0.978232
0.970702
0.97779
0.978709
0.971183
0.970862
0.980347
0.972464
0.97193
0.973988
0.973822
0.973814
0.972463
0.98551
0.989329
0.996908
0.996177
0.992733
0.988282
0.98265
0.993181
0.987587
0.975393
0.98834
0.97842
0.987929
0.975374
0.984127
0.980647
0.984983
0.981462
0.982023
0.973408
0.985249
0.967905
0.982402
0.981978
0.972588
0.977795
0.96785
0.982809
0.977073
0.980058
0.980276
0.981205
0.979563
0.979665
0.975081
0.975205
0.978232
0.970702
0.97779
0.978709
0.971183
0.970862
0.980347
0.972464
0.97193
0.973988
0.973822
0.973814
0.972463
0.98551
0.989329
0.996908
0.996177
0.992733
0.990241
0.985166
0.99473
0.987587
0.975393
0.98834
0.97842
0.987929
0.975374
0.984127
0.980647
0.984983
0.981462
0.982023
0.973408
0.985249
0.967905
0.982402
0.979615
0.972588
0.975805
0.97142
0.978212
0.978309
0.980058
0.980276
0.981205
0.979563
0.979665
0.975081
0.977636
0.976931
0.967361
0.97779
0.978709
0.971183
0.970862
0.980347
0.972464
0.97193
0.973988
0.973822
0.973814
0.972463
0.98551
0.989329
0.996908
0.996177
0.992733
0.990241
0.985166
0.99473
0.987587
0.975393
0.98834
0.97842
0.987929
0.975374
0.984127
0.980647
0.984983
0.981462
0.982023
0.973408
0.985249
0.967905
0.982402
0.979401
0.972588
0.975805
0.97142
0.977969
0.978516
0.980058
0.980276
0.981205
0.979563
0.979665
0.975081
0.977636
0.976931
0.967361
0.97779
0.978709
0.971183
0.970862
0.980347
0.972464
0.97193
0.973988
0.973822
0.973814
0.972463
0.98551
0.989329
0.996908
0.996177
0.992733
0.990241
0.983576
0.994737
0.987587
0.975393
0.98834
0.981589
0.984362
0.975374
0.984127
0.980647
0.984983
0.981462
0.982023
0.973408
0.985249
0.967905
0.982402
0.981548
0.972588
0.977795
0.96785
0.981886
0.977226
0.980058
0.980276
0.981205
0.979563
0.979665
0.975081
0.977636
0.976931
0.967361
0.97779
0.978709
0.971183
0.970862
0.980347
0.972464
0.97193
0.973988
0.973822
0.973814
0.972463
0.98551
0.989329
0.996908
0.996177
0.992733
0.990241
0.983576
0.994737
0.987587
0.975393
0.98834
0.981589
0.984362
0.975374
0.984127
0.980647
0.984983
0.981462
0.982023
0.973408
0.985249
0.967905
0.982402
0.980443
0.972588
0.977795
0.96785
0.982809
0.977073
0.980058
0.980276
0.981205
0.979563
0.979665
0.975081
0.977636
0.976931
0.967361
0.97779
0.978709
0.971183
0.970862
0.980557
0.972464
0.97193
0.973988
0.973822
0.973814
0.972463
0.98551
0.989329
0.996908
0.996177
0.992733
0.990241
0.983576
0.994737
0.987587
0.974442
0.989363
0.984197
0.984889
0.979805
0.984127
0.980647
0.984983
0.981462
0.982023
0.973408
0.985249
0.967905
0.982402
0.979401
0.972588
0.977795
0.969194
0.982809
0.977073
0.980058
0.980276
0.977752
0.977336
0.980414
0.975081
0.977636
0.976931
0.967361
0.97779
0.978709
0.971183
0.970318
0.975824
0.978584
0.97193
0.973988
0.973822
0.973814
0.972463
3D: 0.575796 SSIM: 0.980482 Total: 0.564558
0.933516
0.918292
0.924395
0.915871
0.902752
0.890754
0.867201
0.841857
0.818649
0.792893
0.756335
0.733481
0.692715
0.662873
0.619883
0.556172
0.567516
0.554594
0.42455
0.500461
0.371244
0.449067
0.418412
0.404792
0.365476
0.250946
0.34215
0.336202
0.30204
0.298491
0.277855
0.268821
0.121704
0.252502
0.231107
0.23211
0.0748323
0.214914
0.195109
0.0473249
0.0403965
0.0272575
0.17189
0.166403
0.160861
0.153987
-0.00052418
0.144413
0.930459
0.91955
0.923399
0.914321
0.904565
0.871089
0.86725
0.819652
0.818594
0.790216
0.724092
0.732513
0.645944
0.61672
0.628066
0.552284
0.495999
0.550944
0.431784
0.497056
0.368179
0.451131
0.419754
0.309648
0.263918
0.255166
0.342137
0.212335
0.18533
0.297991
0.154528
0.1452
0.123911
0.251072
0.230858
0.230422
0.0724031
0.214651
0.197149
0.0476192
0.18525
0.0272084
0.171064
0.166211
0.162353
0.153675
-0.0105165
0.145319
0.927222
0.921131
0.922381
0.920982
0.903354
0.886364
0.865019
0.844004
0.819139
0.757825
0.728019
0.689895
0.679739
0.6638
0.63045
0.541794
0.569567
0.544637
0.428694
0.403956
0.369166
0.356226
0.32725
0.404963
0.373594
0.708114
0.21753
0.327089
0.308242
0.174102
0.271426
0.144095
0.125483
0.117099
0.225178
0.228022
0.0739398
0.216499
0.0561321
0.192056
0.186945
0.0291119
0.170114
0.16485
0.162805
0.155351
-0.00187158
0.144695
0.926476
0.920872
0.922936
0.920925
0.902297
0.884498
0.864983
0.844227
0.81842
0.756199
0.726686
0.69338
0.681598
0.662461
0.627746
0.60561
0.569105
0.541435
0.428694
0.402457
0.458975
0.446569
0.41772
0.404631
0.372519
0.360853
0.696508
0.208481
0.308382
0.178599
0.273704
0.144732
0.256166
0.250869
0.224903
0.228151
0.0739398
0.21478
0.200316
0.192137
0.187564
0.0291119
0.169646
0.165225
0.163044
0.155339
-0.00187158
0.144801
0.929696
0.927385
0.922143
0.912303
0.893593
0.884046
0.868655
0.842997
0.818135
0.781917
0.725246
0.729026
0.684889
0.609165
0.56164
0.605221
0.49755
0.46981
0.428563
0.483429
0.456974
0.441186
0.40877
0.402972
0.364694
0.70491
0.214341
0.319595
0.187919
0.3002
0.152754
0.145884
0.125502
0.116547
0.225155
0.228315
0.0685587
0.0666425
0.0536577
0.048944
0.189074
0.0299965
0.168479
0.165574
0.163656
0.154635
0.000144477
0.146874
0.929014
0.927513
0.921033
0.914727
0.894347
0.885208
0.868803
0.844682
0.792277
0.784957
0.727555
0.727831
0.68416
0.661288
0.563747
0.607095
0.564437
0.545295
0.50966
0.483835
0.368528
0.44308
0.408824
0.304748
0.364593
0.248345
0.331393
0.206296
0.307049
0.300003
0.154177
0.144255
0.125502
0.116547
0.226812
0.228544
0.0685587
0.211274
0.0536577
0.048944
0.188575
0.0299965
0.16841
0.165346
0.163403
0.15465
0.000144477
0.147049
0.921734
0.923083
0.920975
0.913095
0.899061
0.890211
0.870191
0.846699
0.797103
0.787349
0.722007
0.725841
0.683335
0.657085
0.55919
0.604696
0.564705
0.551538
0.511049
0.484446
0.453992
0.352669
0.313118
0.298438
0.256762
0.246235
0.332789
0.318909
0.308053
0.299893
0.281401
0.144234
0.252721
0.249412
0.230247
0.231123
0.0719386
0.212689
0.0563922
0.0497956
0.187141
0.0282326
0.167457
0.164604
0.162695
0.154694
0.00078382
0.147434
0.921734
0.92604
0.920975
0.912973
0.898902
0.889219
0.870663
0.847235
0.797103
0.789644
0.722007
0.724779
0.682712
0.657038
0.55919
0.605173
0.565519
0.469275
0.432437
0.488719
0.366578
0.441145
0.408929
0.296407
0.367759
0.248856
0.334466
0.320167
0.189979
0.299764
0.278954
0.144074
0.251749
0.249499
0.229775
0.229673
0.0720774
0.212988
0.0561151
0.0497956
0.187472
0.0282326
0.168689
0.16457
0.162898
0.154619
0.00078382
0.146827
0.925057
0.925948
0.920754
0.913344
0.894708
0.885886
0.872896
0.850954
0.796652
0.794085
0.71988
0.722498
0.681499
0.656178
0.561691
0.607601
0.566102
0.549707
0.427768
0.486217
0.366824
0.438617
0.406157
0.298123
0.266526
0.250991
0.334011
0.321905
0.309401
0.295987
0.272949
0.146191
0.253284
0.249035
0.228211
0.641106
0.0686191
0.648751
0.0556702
0.0500647
0.188801
0.0306098
0.171632
0.165648
0.163886
0.155004
0.000185617
0.145149
0.925057
0.92625
0.920754
0.913343
0.900388
0.886161
0.872701
0.828927
0.794537
0.792627
0.71988
0.721869
0.681953
0.65702
0.561691
0.542428
0.566199
0.548097
0.427768
0.484679
0.366824
0.350728
0.311273
0.399444
0.266238
0.250991
0.334631
0.321232
0.309035
0.175389
0.273831
0.143772
0.252701
0.247219
0.228
0.0891113
0.0686191
0.0666128
0.0556702
0.0500647
0.188702
0.0306098
0.171454
0.165795
0.163854
0.155093
0.000185617
0.145348
0.922248
0.926426
0.920754
0.913383
0.901336
0.887628
0.873613
0.84776
0.792861
0.784509
0.700677
0.689334
0.677022
0.659483
0.558947
0.597037
0.561423
0.543544
0.427939
0.483401
0.457125
0.353722
0.404793
0.397609
0.264112
0.251592
0.33636
0.208293
0.308207
0.295969
0.274522
0.141512
0.119797
0.11601
0.0953014
0.0895351
0.0702928
0.0685489
0.054731
0.0484891
0.0411444
0.0286458
0.171061
0.166585
0.163675
0.155083
0.000424625
0.146862
0.922248
0.92594
0.920754
0.913081
0.90244
0.888972
0.871995
0.846889
0.792861
0.785901
0.716812
0.689323
0.678571
0.658887
0.560116
0.597328
0.56077
0.541573
0.429094
0.482742
0.456452
0.35218
0.404647
0.399668
0.264112
0.252635
0.337554
0.209089
0.308096
0.296794
0.27452
0.141512
0.119797
0.11601
0.0953014
0.0895351
0.0701402
0.0683131
0.0544556
0.0484891
0.0411444
0.0279558
0.169757
0.165837
0.16339
0.154947
0.000424625
0.14661
0.921735
0.924969
0.92182
0.912967
0.905159
0.891411
0.846124
0.820058
0.790543
0.761463
0.746378
0.725743
0.685927
0.660006
0.561615
0.595469
0.561961
0.536764
0.428214
0.481556
0.367802
0.352099
0.402599
0.405654
0.266413
0.250816
0.338252
0.316601
0.307158
0.177012
0.275833
0.140897
0.120115
0.115625
0.0948024
0.0894378
0.0705454
0.0668769
0.0544194
0.0507812
0.188238
0.0282474
0.166348
0.162779
0.162231
0.153922
-0.000438023
0.145093
0.921735
0.925874
0.92182
0.912934
0.903601
0.890079
0.865532
0.842451
0.790858
0.789883
0.716856
0.725602
0.684647
0.65927
0.561594
0.595892
0.559588
0.536647
0.428214
0.482041
0.367802
0.351383
0.402065
0.404592
0.266413
0.250816
0.338578
0.315829
0.307112
0.297735
0.274939
0.141228
0.119697
0.115625
0.0948024
0.0894378
0.0705454
0.0668769
0.0547887
0.0512369
0.18872
0.0282474
0.167539
0.163341
0.162264
0.153922
-0.000438023
0.144655
0.927556
0.930593
0.923333
0.913769
0.901128
0.887113
0.866266
0.837357
0.793873
0.794329
0.751813
0.68993
0.677437
0.656645
0.564341
0.597299
0.554744
0.533171
0.427827
0.48079
0.369152
0.437903
0.400812
0.402298
0.266839
0.251859
0.338854
0.314251
0.308147
0.169747
0.273314
0.143233
0.118433
0.116243
0.0962585
0.0900659
0.0670388
0.0647707
0.0519323
0.0483596
0.0423556
0.0291808
0.170851
0.166204
0.162442
0.153922
-0.000438023
0.143982
0.928044
0.931872
0.923333
0.914878
0.902535
0.885533
0.86692
0.837285
0.792642
0.765024
0.720201
0.692491
0.68006
0.657246
0.564341
0.597125
0.55589
0.533377
0.427827
0.481226
0.369523
0.438896
0.402776
0.400738
0.266839
0.251859
0.336975
0.314456
0.307756
0.170206
0.272806
0.143233
0.118433
0.116243
0.0962585
0.0900659
0.0670388
0.0649726
0.0519207
0.0483596
0.0423556
0.0291808
0.169939
0.165874
0.162494
0.153919
-0.000438023
0.143852
0.927783
0.9298
0.924286
0.910033
0.892015
0.880981
0.867546
0.843841
0.792474
0.786405
0.718577
0.725579
0.687691
0.658038
0.557694
0.591612
0.559115
0.536019
0.428825
0.482836
0.371406
0.441326
0.406932
0.396706
0.264837
0.251623
0.331507
0.315337
0.305495
0.291179
0.270865
0.143184
0.118879
0.117619
0.0947205
0.0883004
0.0691989
0.645677
0.0521336
0.0492642
0.0444705
0.029076
0.167471
0.164485
0.162746
0.154083
-0.00134274
0.143248
0.928819
0.928775
0.924286
0.909022
0.892517
0.870079
0.845902
0.821137
0.797115
0.786232
0.718577
0.724988
0.686462
0.657423
0.557212
0.591914
0.559285
0.536657
0.428825
0.48304
0.371406
0.441248
0.406838
0.397373
0.264837
0.251623
0.333032
0.315881
0.305749
0.292259
0.271432
0.143184
0.118879
0.117619
0.0947205
0.0883004
0.0691989
0.0657173
0.0522274
0.0492642
0.0444705
0.029076
0.167323
0.164465
0.162654
0.15405
-0.00134274
0.14318
0.927944
0.932604
0.925749
0.910037
0.889631
0.883187
0.870999
0.825822
0.798134
0.792408
0.718962
0.723991
0.686657
0.654645
0.554373
0.592774
0.559204
0.538344
0.426643
0.482586
0.372
0.441421
0.407195
0.399247
0.266744
0.253622
0.337828
0.316138
0.307504
0.294796
0.274014
0.142523
0.116699
0.115468
0.0943574
0.0893101
0.0698241
0.0666218
0.0547301
0.0501441
0.0420616
0.0279071
0.167777
0.164162
0.16211
0.153793
-0.00117187
0.14297
0.926776
0.932755
0.926248
0.910037
0.891477
0.883948
0.871058
0.824786
0.79807
0.791399
0.866815
0.723763
0.687076
0.655537
0.554373
0.593762
0.559912
0.53737
0.426643
0.482131
0.372
0.441773
0.407235
0.399508
0.266744
0.253622
0.336772
0.317131
0.307436
0.295087
0.273684
0.142
0.116699
0.115468
0.0943574
0.0893101
0.0698241
0.0662862
0.0547301
0.0501441
0.0420616
0.0279402
0.167774
0.163822
0.161824
0.153925
-0.00117187
0.143087
0.925504
0.92713
0.921133
0.909508
0.893065
0.887659
0.848221
0.82334
0.796078
0.758248
0.70773
0.6853
0.686901
0.657357
0.557878
0.592275
0.561557
0.536191
0.425335
0.480343
0.367643
0.442704
0.407048
0.399899
0.265595
0.251582
0.332245
0.318085
0.307964
0.174155
0.149039
0.140205
0.118762
0.115506
0.0943574
0.0880785
0.0664049
0.64558
0.0522012
0.0489778
0.0439308
0.0293036
0.166775
0.163935
0.161448
0.153292
-0.0019953
0.142329
0.92787
0.931393
0.920369
0.909166
0.893065
0.88757
0.848012
0.823605
0.796078
0.791338
0.744098
0.6853
0.687352
0.65782
0.557878
0.592619
0.561201
0.53513
0.425335
0.47989
0.367643
0.442824
0.406762
0.399509
0.265595
0.248926
0.333635
0.317789
0.307939
0.297157
0.152442
0.142283
0.118285
0.115677
0.0943574
0.0880785
0.0664049
0.0643935
0.0522012
0.0489778
0.0439308
0.0293036
0.166949
0.164173
0.161453
0.153384
-0.0019953
0.142514
0.925612
0.928449
0.9244
0.907561
0.891923
0.868564
0.871533
0.82384
0.795479
0.760416
0.743458
0.691049
0.689112
0.659389
0.561833
0.592457
0.559722
0.533634
0.42507
0.480463
0.367903
0.444352
0.40558
0.400102
0.264736
0.251181
0.337012
0.317889
0.306687
0.293594
0.274712
0.144149
0.120427
0.117052
0.0943574
0.0858879
0.066224
0.0650668
0.0526058
0.0503968
0.0450891
0.0301594
0.167555
0.165166
0.161486
0.153475
-0.00128653
0.143403
0.925612
0.928963
0.924951
0.907561
0.901806
0.884822
0.870802
0.823468
0.795479
0.760416
0.711843
0.691049
0.690084
0.659283
0.560237
0.591572
0.559891
0.534728
0.42507
0.480924
0.367903
0.443351
0.40614
0.399671
0.264736
0.251181
0.335939
0.318897
0.306727
0.174662
0.275167
0.144648
0.120008
0.117052
0.0943574
0.0858879
0.066224
0.0650668
0.0529707
0.0508344
0.0450891
0.0301594
0.167555
0.165166
0.161486
0.153475
-0.00128653
0.143224
0.926225
0.930236
0.926951
0.910971
0.901447
0.88462
0.866207
0.82136
0.794532
0.762375
0.716712
0.722345
0.692968
0.660178
0.562516
0.59377
0.561629
0.534401
0.425518
0.481428
0.368211
0.440234
0.407249
0.398383
0.369243
0.357895
0.33293
0.319111
0.307546
0.295922
0.276479
0.142239
0.116533
0.115
0.0941974
0.0873873
0.0679617
0.0656942
0.0545309
0.050795
0.0439053
0.0289585
0.167555
0.165166
0.161486
0.153475
-0.00128653
0.143096
0.926225
0.930429
0.926522
0.911343
0.902646
0.868041
0.866838
0.82136
0.794532
0.762292
0.717262
0.692331
0.692038
0.659686
0.564097
0.595309
0.561335
0.534856
0.425691
0.481428
0.368211
0.440346
0.407423
0.398888
0.369878
0.358007
0.333027
0.318415
0.308069
0.296961
0.276381
0.142556
0.116533
0.115
0.0941974
0.0873873
0.0679617
0.0656942
0.0545309
0.050795
0.0439053
0.0289585
0.167607
0.165166
0.161486
0.153493
-0.00128653
0.143215
0.926586
0.926941
0.919908
0.909464
0.905548
0.886022
0.868177
0.823692
0.823466
0.791836
0.718173
0.725902
0.688931
0.659635
0.561582
0.596688
0.564627
0.54085
0.425597
0.481428
0.368127
0.440479
0.407957
0.398345
0.269668
0.251879
0.334773
0.318666
0.3088
0.298971
0.151054
0.14203
0.117452
0.114368
0.092752
0.0892446
0.0719341
0.068262
0.0529646
0.0493333
0.0443187
0.0295707
0.167522
0.165166
0.161486
0.153542
-0.000944973
0.143663
0.926586
0.927103
0.919908
0.917566
0.904874
0.885906
0.867602
0.823692
0.823194
0.791199
0.718173
0.725052
0.688858
0.659549
0.561582
0.596318
0.564504
0.540688
0.425597
0.481525
0.368127
0.440197
0.407912
0.399219
0.269668
0.251879
0.335585
0.319828
0.307833
0.297551
0.276013
0.141542
0.117452
0.114538
0.092752
0.0892446
0.0717995
0.0682411
0.0526899
0.0493333
0.0443187
0.0295707
0.167522
0.165046
0.161303
0.153452
-0.000944973
0.143603
0.928205
0.933651
0.921009
0.917282
0.903325
0.884576
0.865589
0.822793
0.822492
0.791487
0.716726
0.722143
0.688255
0.659583
0.560797
0.594905
0.564071
0.539265
0.425759
0.482353
0.366941
0.440457
0.407945
0.401863
0.268776
0.252998
0.336459
0.320353
0.305794
0.293508
0.274617
0.260876
0.122286
0.116126
0.092752
0.0882639
0.0685864
0.0657023
0.052474
0.049221
0.0431362
0.0283696
0.167522
0.164532
0.160394
0.152967
-0.000948429
0.143377
0.927572
0.933086
0.921009
0.917057
0.902607
0.884374
0.866249
0.822793
0.822629
0.791968
0.717185
0.724866
0.689147
0.6599
0.560797
0.595265
0.56333
0.539655
0.425759
0.481893
0.366941
0.440451
0.408081
0.401781
0.268776
0.252998
0.336166
0.319167
0.30567
0.295861
0.274857
0.261979
0.123859
0.116386
0.092752
0.0878582
0.0682291
0.0657023
0.052474
0.049221
0.0431362
0.0283696
0.16783
0.164604
0.160592
0.152912
-0.000948429
0.143528
0.926525
0.931671
0.91969
0.915607
0.899162
0.884494
0.870188
0.824812
0.822082
0.790162
0.713701
0.725589
0.693054
0.662483
0.563113
0.598507
0.561459
0.538884
0.428286
0.479209
0.368286
0.440188
0.408997
0.402475
0.267276
0.252131
0.335806
0.317384
0.306036
0.177492
0.275625
0.26383
0.120466
0.116817
0.0926012
0.0863737
0.0664329
0.0649978
0.0526674
0.0499556
0.0442443
0.0286003
0.168799
0.164909
0.161096
0.153204
-0.00109056
0.143549
0.926525
0.93189
0.91969
0.915039
0.89901
0.884412
0.869243
0.824812
0.822004
0.789986
0.713701
0.725089
0.691844
0.66139
0.563113
0.599262
0.56195
0.539669
0.426923
0.478
0.368291
0.440179
0.409217
0.401737
0.267276
0.252131
0.335834
0.317804
0.306877
0.172788
0.274729
0.264035
0.118835
0.116817
0.0926012
0.0863737
0.0659822
0.0647806
0.0527522
0.0503967
0.0442443
0.0286003
0.168799
0.16483
0.161078
0.15321
-0.00109056
0.143399
0.926516
0.932118
0.917486
0.913495
0.898603
0.883139
0.865235
0.826183
0.822259
0.788899
0.717854
0.726665
0.686707
0.657387
0.56189
0.598293
0.562672
0.544048
0.427198
0.477176
0.367706
0.440121
0.409878
0.399033
0.26833
0.25221
0.335675
0.317406
0.308995
0.298388
0.272408
0.145634
0.11787
0.115913
0.092261
0.0859116
0.0677998
0.646713
0.0527698
0.0487512
0.0425844
0.0281361
0.168799
0.165002
0.161639
0.153377
-0.00128653
0.143377
0.925701
0.93138
0.917486
0.914248
0.89807
0.870559
0.867131
0.826109
0.794842
0.78953
0.717854
0.726914
0.687433
0.657054
0.56189
0.597803
0.562012
0.543922
0.427198
0.477686
0.367706
0.440139
0.409189
0.399239
0.26833
0.25221
0.335624
0.317141
0.30846
0.298698
0.273143
0.145634
0.11787
0.115913
0.092261
0.0859116
0.0677998
0.0645755
0.0527698
0.0487512
0.0425844
0.0281361
0.168799
0.164965
0.161148
0.152875
-0.00128653
0.143319
0.924765
0.929565
0.91774
0.914676
0.895614
0.887826
0.871739
0.847241
0.793448
0.788599
0.717556
0.724088
0.689878
0.657676
0.563614
0.598537
0.559813
0.542685
0.428663
0.478566
0.368127
0.439362
0.406331
0.401031
0.26791
0.255242
0.336006
0.316882
0.306156
0.298898
0.273532
0.143716
0.119236
0.117464
0.0943213
0.0863721
0.0675358
0.0652997
0.0521608
0.0488521
0.043123
0.0284567
0.168767
0.164676
0.159471
0.151227
-0.00138523
0.143096
0.924765
0.929783
0.91774
0.907506
0.896479
0.886965
0.871502
0.84794
0.793448
0.788156
0.717556
0.724127
0.688527
0.657254
0.563614
0.598668
0.559774
0.543041
0.428663
0.47882
0.368127
0.439058
0.406888
0.400457
0.26791
0.255242
0.336084
0.31791
0.306824
0.299233
0.272323
0.143716
0.119236
0.117464
0.0943213
0.0867707
0.0672077
0.0638647
0.0518867
0.0488521
0.043123
0.0284567
0.0244932
0.0178521
0.159625
0.15129
-0.00138523
0.143217
0.924676
0.930039
0.91774
0.913143
0.896434
0.869322
0.847195
0.824431
0.794448
0.789764
0.718568
0.725007
0.684616
0.656001
0.563302
0.598474
0.560542
0.54473
0.427317
0.480114
0.367911
0.439642
0.407058
0.398299
0.265488
0.252162
0.33661
0.321733
0.30543
0.297551
0.270658
0.143264
0.119361
0.11575
0.0927056
0.641292
0.637787
0.0649685
0.0519646
0.0487832
0.0434023
0.0321097
0.169213
0.165591
0.160164
0.151704
-0.00167289
0.143123
0.923238
0.929418
0.91774
0.913452
0.895206
0.869322
0.870186
0.847104
0.794448
0.790011
0.718568
0.725267
0.684551
0.656715
0.563058
0.597967
0.560525
0.544508
0.427317
0.480715
0.367911
0.439903
0.407135
0.398781
0.265488
0.252162
0.33613
0.320468
0.304832
0.297679
0.271885
0.142129
0.119361
0.11575
0.0927056
0.0859305
0.0674615
0.0649685
0.0519646
0.0487832
0.0434023
0.0321097
0.169164
0.165304
0.160007
0.151659
-0.00167289
0.143123
0.922816
0.928162
0.917432
0.906304
0.89132
0.888419
0.869245
0.845638
0.795321
0.791008
0.71775
0.726111
0.683825
0.658926
0.563648
0.597027
0.560266
0.542983
0.427407
0.481413
0.368107
0.440254
0.408342
0.398437
0.263377
0.251423
0.335218
0.319647
0.307811
0.17726
0.148785
0.140118
0.117468
0.115425
0.0950749
0.0867323
0.0675077
0.0659974
0.0526674
0.0486395
0.0420429
0.0303836
0.168601
0.163881
0.159196
0.151222
-0.00138523
0.143123
0.922816
0.928575
0.917432
0.914811
0.892235
0.888136
0.868724
0.845085
0.795321
0.790774
0.71775
0.727152
0.684415
0.658505
0.563648
0.596567
0.559798
0.54313
0.427407
0.481829
0.368107
0.352293
0.407932
0.399472
0.263377
0.251423
0.33557
0.319846
0.308013
0.177233
0.149048
0.139615
0.117192
0.115425
0.0950749
0.0867323
0.0675077
0.0659974
0.0530267
0.049089
0.0420429
0.0303836
0.168665
0.163992
0.159807
0.151732
-0.00138523
0.143121
0.923998
0.929406
0.917242
0.915136
0.895362
0.884958
0.867829
0.841422
0.795216
0.79036
0.720967
0.732385
0.686529
0.657268
0.557374
0.595477
0.558795
0.541586
0.427439
0.483149
0.36845
0.443149
0.312767
0.399428
0.270713
0.254031
0.335274
0.32148
0.188968
0.298616
0.270525
0.261367
0.116328
0.114114
0.0949879
0.089927
0.0699286
0.647649
0.0529911
0.0490273
0.0415382
0.0309235
0.168339
0.164503
0.162056
0.153623
-0.000944973
0.143663
0.923998
0.929152
0.918565
0.915976
0.895333
0.885008
0.867505
0.841643
0.79578
0.790849
0.873121
0.729825
0.686427
0.657351
0.557374
0.595613
0.558917
0.542
0.427439
0.483338
0.36845
0.443412
0.406789
0.398884
0.270713
0.253951
0.335172
0.320826
0.175035
0.298156
0.271555
0.263254
0.116116
0.114146
0.0945872
0.0892898
0.0697755
0.0655511
0.0527166
0.0490273
0.0415382
0.0309235
0.168374
0.164424
0.1616
0.153158
-0.000944973
0.143723
0.924511
0.928258
0.917475
0.91624
0.895789
0.886189
0.865856
0.844445
0.795821
0.760925
0.701756
0.692122
0.687497
0.658014
0.559293
0.59592
0.560053
0.542611
0.427083
0.482953
0.369367
0.444358
0.406095
0.398312
0.26779
0.253527
0.335479
0.319194
0.184961
0.292997
0.269414
0.142336
0.118589
0.11524
0.0942102
0.0880267
0.0677998
0.0645932
0.0520678
0.0482181
0.0420603
0.03046
0.16857
0.164297
0.160164
0.151704
-0.00167289
0.143403
0.923443
0.92749
0.917475
0.915152
0.896627
0.885763
0.865229
0.843863
0.795821
0.789161
0.867311
0.692122
0.687576
0.658388
0.559043
0.595867
0.560108
0.542042
0.427083
0.482785
0.369367
0.443825
0.405766
0.398377
0.26779
0.253527
0.335738
0.32023
0.185866
0.29454
0.271923
0.142336
0.118589
0.11524
0.0942102
0.0880267
0.0677998
0.0566153
0.0520678
0.0482181
0.0420603
0.03046
0.16857
0.164297
0.160164
0.151722
-0.00167289
0.143463
0.922255
0.925252
0.918275
0.912543
0.898781
0.886506
0.866238
0.842677
0.79624
0.789419
0.71719
0.726527
0.686744
0.658941
0.564145
0.596952
0.559469
0.54118
0.427997
0.481834
0.36791
0.441309
0.405303
0.399197
0.368519
0.362659
0.335391
0.204491
0.190518
0.298855
0.272162
0.264016
0.120284
0.115532
0.0946657
0.0895615
0.071323
0.067696
0.0517025
0.0481768
0.0434925
0.0312138
0.16857
0.164297
0.160164
0.151771
-0.00133133
0.143688
0.922662
0.925835
0.918275
0.912922
0.89867
0.886256
0.865127
0.839999
0.79624
0.76386
0.717999
0.726824
0.686155
0.658179
0.564145
0.596798
0.559588
0.540983
0.425245
0.481393
0.36791
0.441675
0.405676
0.399344
0.369742
0.363459
0.335381
0.204194
0.190518
0.298748
0.271827
0.26353
0.11942
0.115532
0.0946657
0.0895615
0.0711698
0.0675852
0.0517733
0.0486202
0.0434925
0.0312138
0.168462
0.164202
0.160007
0.151624
-0.00133133
0.143456
0.922593
0.922834
0.915915
0.913182
0.898851
0.885249
0.864962
0.836187
0.789991
0.788983
0.748723
0.72818
0.683883
0.654755
0.562396
0.597181
0.557399
0.541695
0.427751
0.481309
0.368038
0.349505
0.40686
0.399543
0.26864
0.25511
0.336079
0.320967
0.18573
0.297086
0.271422
0.141577
0.119853
0.11418
0.094153
0.0895362
0.208394
0.0670479
0.0526725
0.0490196
0.0434925
0.0311389
0.168092
0.163612
0.159196
0.151004
-0.00288051
0.142863
0.91298
0.922834
0.917035
0.913252
0.898989
0.885192
0.866126
0.838725
0.791094
0.790385
0.748291
0.726648
0.683462
0.654994
0.562396
0.597058
0.557936
0.543853
0.427751
0.481142
0.368205
0.441974
0.40662
0.400433
0.268684
0.254938
0.336452
0.320449
0.18573
0.296799
0.270093
0.141577
0.119853
0.11418
0.094153
0.0895362
0.208639
0.0670479
0.0526725
0.0490196
0.0434925
0.0311389
0.169132
0.164463
0.159352
0.151102
-0.00288051
0.142922
0.922124
0.928125
0.918978
0.915483
0.898431
0.88585
0.866335
0.841338
0.795727
0.762469
0.744681
0.72125
0.682221
0.654819
0.561075
0.59701
0.563359
0.547176
0.427402
0.480748
0.367969
0.349884
0.405155
0.401991
0.2669
0.253097
0.336708
0.319618
0.187715
0.295975
0.988618
0.991024
0.987896
0.995369
0.985678
0.991308
0.987938
0.9861
0.987705
0.988788
0.985201
0.983062
0.985124
0.984319
0.972486
0.982488
0.978993
0.981185
0.98018
0.982342
0.981872
0.979723
0.977282
0.981567
0.97312
0.982548
0.968939
0.979296
0.97733
0.975298
0.97953
0.97722
0.975553
0.979194
0.977621
0.976338
0.977646
0.977931
0.973795
0.978591
0.977552
0.972266
0.973841
0.963084
0.976529
0.973334
0.969156
0.972885
0.976704
0.989471
0.983697
0.987896
0.995369
0.985589
0.991308
0.987789
0.986313
0.987705
0.988788
0.9886
0.982709
0.984639
0.983816
0.973302
0.986077
0.978993
0.981185
0.980466
0.982342
0.981087
0.979463
0.977369
0.981398
0.97312
0.981899
0.970855
0.979567
0.977684
0.975302
0.978747
0.97722
0.975553
0.979194
0.978424
0.976338
0.977379
0.977931
0.972543
0.978092
0.977552
0.962506
0.973841
0.963084
0.972185
0.973334
0.96605
0.972885
0.975881
0.991851
0.995936
0.995902
0.993853
0.990522
0.990998
0.987832
0.991164
0.983534
0.987917
0.986805
0.986386
0.98611
0.985112
0.98455
0.983779
0.981481
0.979591
0.983042
0.981788
0.973697
0.978838
0.981211
0.98182
0.966801
0.97184
0.978036
0.981754
0.979732
0.976454
0.978171
0.979873
0.978275
0.977845
0.969467
0.966907
0.975716
0.971876
0.976671
0.973511
0.977552
0.962506
0.973841
0.963084
0.972185
0.973334
0.96605
0.972885
0.975881
0.991766
0.995936
0.995902
0.993853
0.989686
0.991308
0.987995
0.99071
0.987647
0.988076
0.987749
0.987204
0.986202
0.986387
0.984557
0.984277
0.981481
0.979591
0.984196
0.982328
0.973277
0.978838
0.981131
0.981855
0.968556
0.972267
0.97926
0.981754
0.979732
0.976454
0.978171
0.979873
0.978275
0.977845
0.969467
0.966907
0.975716
0.971876
0.976671
0.973511
0.977552
0.962506
0.973841
0.963084
0.972185
0.973334
0.96605
0.972885
0.975881
0.991431
0.996095
0.997694
0.993551
0.993763
0.991382
0.981632
0.991252
0.986656
0.989642
0.988222
0.986867
0.988294
0.977264
0.973525
0.986299
0.982878
0.981001
0.984177
0.981296
0.979032
0.984605
0.981227
0.981738
0.976976
0.966335
0.978864
0.979985
0.979912
0.972144
0.977423
0.979198
0.97864
0.979194
0.969467
0.963039
0.973482
0.970241
0.976586
0.974715
0.977552
0.962506
0.973841
0.963084
0.972185
0.973334
0.96605
0.972885
0.975881
0.991431
0.996095
0.997694
0.993551
0.993763
0.990796
0.982066
0.98667
0.98635
0.989642
0.988222
0.986794
0.988723
0.977264
0.973847
0.986299
0.983438
0.981001
0.984177
0.981296
0.979032
0.984136
0.981227
0.982083
0.976976
0.966335
0.979651
0.980017
0.98033
0.972703
0.977423
0.979198
0.97864
0.979194
0.969467
0.963039
0.973482
0.970241
0.976586
0.974715
0.977552
0.962506
0.973841
0.963084
0.972185
0.973334
0.96605
0.972885
0.975881
0.99039
0.995717
0.996556
0.995462
0.993779
0.993778
0.9822
0.985828
0.985834
0.989642
0.988222
0.986794
0.986678
0.984746
0.977435
0.986299
0.980921
0.979591
0.981725
0.979257
0.981869
0.982714
0.971305
0.98513
0.979135
0.966335
0.979651
0.981076
0.981042
0.974683
0.978171
0.979873
0.978275
0.977845
0.969467
0.963039
0.973482
0.970241
0.976586
0.974715
0.977552
0.962506
0.973841
0.963084
0.972185
0.973334
0.96605
0.972885
0.975881
0.99039
0.995717
0.996556
0.995462
0.993779
0.993778
0.9822
0.986324
0.985834
0.989642
0.988222
0.986794
0.988723
0.984748
0.977435
0.986299
0.980921
0.979591
0.981725
0.979257
0.981869
0.982718
0.972935
0.979176
0.97356
0.966335
0.979651
0.981363
0.979204
0.974683
0.978171
0.979873
0.978275
0.977845
0.969467
0.963039
0.973482
0.970241
0.976586
0.974715
0.977552
0.962506
0.973841
0.963084
0.972185
0.973334
0.96605
0.972885
0.975881
0.99039
0.995717
0.996556
0.995462
0.993763
0.995351
0.98708
0.991677
0.98593
0.989642
0.988222
0.986794
0.987523
0.980716
0.977435
0.986299
0.980921
0.983597
0.984182
0.979289
0.982316
0.982718
0.973469
0.976925
0.97309
0.966754
0.979651
0.981363
0.979748
0.974683
0.978171
0.979873
0.978275
0.977845
0.969467
0.963039
0.975065
0.972579
0.976586
0.974715
0.977552
0.962506
0.973841
0.963084
0.972185
0.973334
0.96605
0.972885
0.975881
0.99039
0.995717
0.996556
0.995462
0.993763
0.995351
0.987495
0.991677
0.98593
0.989642
0.987811
0.986794
0.987184
0.979748
0.977435
0.986299
0.980921
0.983597
0.984182
0.979289
0.982316
0.982718
0.973469
0.976925
0.97309
0.966754
0.979651
0.981363
0.979748
0.974683
0.978171
0.979873
0.978275
0.977845
0.969467
0.963039
0.975649
0.973288
0.976586
0.974715
0.977552
0.962506
0.973841
0.963084
0.972185
0.973334
0.96605
0.972885
0.975881
0.99039
0.995717
0.996556
0.995462
0.993763
0.995351
0.985854
0.991204
0.981883
0.989642
0.985135
0.987145
0.985797
0.984205
0.978957
0.988316
0.980921
0.983597
0.984182
0.979289
0.982316
0.982145
0.979614
0.978345
0.97309
0.966754
0.979651
0.980415
0.979748
0.976048
0.978171
0.975952
0.978557
0.979194
0.969777
0.959689
0.971843
0.971876
0.976586
0.974715
0.977552
0.965179
0.973841
0.963084
0.972185
0.973334
0.96605
0.972885
0.975881
0.99039
0.995717
0.996556
0.995462
0.993763
0.995351
0.985411
0.99117
0.981883
0.989642
0.985135
0.986841
0.985673
0.984752
0.978957
0.988316
0.980921
0.983597
0.984182
0.979289
0.982316
0.982145
0.979614
0.978345
0.97309
0.966754
0.979651
0.980415
0.979748
0.976048
0.978171
0.975952
0.97864
0.979194
0.969777
0.959689
0.971843
0.971876
0.976586
0.974715
0.977552
0.965179
0.973841
0.963084
0.972185
0.973334
0.96605
0.972885
0.975881
0.99039
0.991818
0.996556
0.995462
0.993763
0.99481
0.987393
0.983022
0.98635
0.988076
0.985909
0.983333
0.985673
0.985225
0.977435
0.988316
0.975045
0.983597
0.984182
0.979289
0.98182
0.98273
0.979614
0.981791
0.97309
0.966754
0.979651
0.981363
0.979748
0.974683
0.978171
0.979873
0.970117
0.979194
0.969777
0.959689
0.971843
0.969473
0.976935
0.972055
0.977552
0.962506
0.973841
0.963084
0.972185
0.973334
0.96605
0.972885
0.975881
0.99039
0.991818
0.996556
0.995462
0.993763
0.99481
0.987393
0.983022
0.98635
0.988076
0.985909
0.983333
0.985673
0.985225
0.977435
0.988316
0.975045
0.983597
0.984182
0.979289
0.98182
0.98273
0.979614
0.981791
0.97309
0.966754
0.979651
0.981363
0.979748
0.974683
0.978171
0.979873
0.970117
0.979194
0.969777
0.959689
0.971843
0.969473
0.976864
0.972167
0.977552
0.962506
0.973841
0.963084
0.972185
0.973334
0.96605
0.972885
0.975881
0.996478
0.991818
0.996556
0.995462
0.993763
0.995344
0.987543
0.984198
0.985834
0.988076
0.986637
0.982799
0.987184
0.989192
0.972546
0.988316
0.979032
0.983597
0.984182
0.979289
0.982316
0.984186
0.979614
0.978115
0.97309
0.966754
0.979651
0.981363
0.979748
0.976454
0.978171
0.979873
0.970117
0.979194
0.969777
0.959689
0.971843
0.969473
0.976586
0.973366
0.97327
0.966809
0.973841
0.963084
0.972185
0.973334
0.96605
0.972885
0.975881
0.996478
0.991818
0.996556
0.995462
0.993763
0.995344
0.987879
0.984542
0.985834
0.988076
0.986637
0.982799
0.987184
0.989745
0.972546
0.988316
0.979032
0.983597
0.984182
0.979289
0.982316
0.984186
0.979614
0.978115
0.97309
0.966754
0.979651
0.981363
0.979748
0.976736
0.978171
0.979873
0.970117
0.979194
0.969777
0.959689
0.971843
0.969473
0.976586
0.973366
0.97327
0.966809
0.973841
0.963084
0.972185
0.973334
0.96605
0.972885
0.975881
0.99861
0.995733
0.996556
0.992084
0.994814
0.990637
0.984905
0.983882
0.985834
0.989642
0.985159
0.983333
0.985169
0.985779
0.981574
0.985791
0.979032
0.983597
0.984182
0.979289
0.982316
0.984186
0.980833
0.981697
0.97309
0.966754
0.979651
0.981363
0.979748
0.974683
0.978171
0.979873
0.974582
0.978535
0.969777
0.954518
0.975065
0.972579
0.976586
0.973811
0.973778
0.966809
0.973841
0.963084
0.972185
0.973334
0.96605
0.972885
0.975881
0.99861
0.995733
0.996556
0.992084
0.994814
0.991313
0.983494
0.983912
0.985834
0.989642
0.985159
0.983333
0.985673
0.985225
0.983878
0.984268
0.979032
0.983597
0.984182
0.979289
0.982316
0.984186
0.980833
0.981697
0.97309
0.966754
0.979651
0.981363
0.979748
0.974683
0.978171
0.979873
0.974582
0.978535
0.969777
0.953806
0.975649
0.973288
0.976586
0.973811
0.973778
0.966809
0.973841
0.963084
0.972185
0.973334
0.96605
0.972885
0.975881
0.99861
0.991818
0.996092
0.98727
0.993826
0.984903
0.988979
0.988305
0.98635
0.989642
0.985159
0.978941
0.985577
0.98191
0.980426
0.98046
0.979032
0.983597
0.984182
0.979289
0.982316
0.984186
0.980833
0.982139
0.97309
0.966754
0.979651
0.981363
0.979748
0.974683
0.978171
0.979873
0.970117
0.979194
0.969777
0.959689
0.971843
0.969473
0.976586
0.973366
0.977552
0.970578
0.973841
0.963084
0.972185
0.973334
0.96605
0.972885
0.975881
0.997822
0.991818
0.996092
0.98727
0.993826
0.984903
0.988979
0.986802
0.98635
0.989642
0.984807
0.978941
0.986151
0.981236
0.980426
0.98046
0.979032
0.983597
0.984182
0.979289
0.982316
0.984186
0.980833
0.982139
0.97309
0.966754
0.979651
0.981363
0.979748
0.974683
0.978171
0.979873
0.970117
0.979194
0.969777
0.959689
0.971843
0.969473
0.976586
0.973366
0.977552
0.970578
0.973841
0.963084
0.972185
0.973334
0.96605
0.972885
0.975881
0.995622
0.990147
0.997694
0.992084
0.994814
0.984903
0.983803
0.987984
0.985834
0.988076
0.983254
0.986429
0.98559
0.98455
0.980426
0.98046
0.979032
0.983597
0.984182
0.979289
0.982316
0.984186
0.980833
0.982139
0.97309
0.966754
0.979651
0.981363
0.979748
0.974923
0.977423
0.979198
0.978655
0.974475
0.969777
0.954518
0.975065
0.972579
0.976935
0.970597
0.977552
0.970578
0.973841
0.963084
0.972185
0.973334
0.96605
0.972885
0.975881
0.995622
0.990147
0.997694
0.992084
0.994814
0.984903
0.983803
0.987984
0.985834
0.988076
0.982517
0.987213
0.985658
0.985225
0.980426
0.98046
0.979032
0.983597
0.984182
0.979289
0.982316
0.984186
0.980833
0.982139
0.97309
0.966754
0.979651
0.981363
0.979748
0.975269
0.977423
0.979198
0.978655
0.974475
0.969777
0.953806
0.975649
0.973288
0.976935
0.970597
0.977552
0.970578
0.973841
0.963084
0.972185
0.973334
0.96605
0.972885
0.975881
0.995622
0.995781
0.996092
0.98727
0.993826
0.986888
0.988979
0.987598
0.985874
0.985309
0.985909
0.97946
0.986741
0.986207
0.975989
0.98046
0.979032
0.983597
0.984182
0.979289
0.982316
0.984186
0.980833
0.982139
0.97309
0.966754
0.979651
0.981363
0.979748
0.976736
0.978171
0.979873
0.970117
0.979194
0.969777
0.953806
0.975649
0.973288
0.976935
0.972055
0.974462
0.970578
0.973841
0.963084
0.972185
0.973334
0.96605
0.972885
0.975881
0.995622
0.995781
0.996092
0.98727
0.993826
0.986888
0.988979
0.987598
0.985874
0.985309
0.986017
0.978941
0.987184
0.986207
0.975989
0.98046
0.979032
0.983597
0.984182
0.979289
0.982316
0.984186
0.980833
0.982139
0.97309
0.966754
0.979651
0.981363
0.979748
0.976736
0.978171
0.979873
0.970117
0.979194
0.969777
0.953806
0.975649
0.973288
0.976864
0.972167
0.974462
0.970578
0.973841
0.963084
0.972185
0.973334
0.96605
0.972885
0.975881
0.995622
0.995781
0.996092
0.98727
0.993826
0.986888
0.985981
0.98717
0.985874
0.985309
0.986071
0.979404
0.985673
0.98173
0.975989
0.98046
0.979032
0.983597
0.984182
0.979289
0.982316
0.984186
0.980833
0.982139
0.973706
0.968986
0.979651
0.981363
0.979748
0.974683
0.978171
0.979873
0.974582
0.978535
0.969777
0.953806
0.975649
0.973288
0.976586
0.973811
0.974462
0.970578
0.973841
0.963084
0.972185
0.973334
0.96605
0.972885
0.975881
0.995622
0.995781
0.996092
0.98727
0.993826
0.986888
0.985981
0.98709
0.985874
0.985309
0.986637
0.979404
0.985673
0.98173
0.975989
0.98046
0.979032
0.983597
0.984182
0.979289
0.982316
0.984186
0.980833
0.982139
0.973706
0.968986
0.979651
0.981363
0.979748
0.974683
0.978171
0.979873
0.974582
0.978535
0.969777
0.953806
0.975649
0.973288
0.976586
0.973811
0.974462
0.970578
0.973841
0.963084
0.972185
0.973334
0.96605
0.972885
0.975881
0.995622
0.992906
0.996556
0.995462
0.994826
0.98231
0.991645
0.990216
0.98635
0.989642
0.985159
0.978941
0.987184
0.985225
0.980426
0.98046
0.979032
0.983597
0.984182
0.979289
0.982316
0.984186
0.980833
0.982139
0.97309
0.966754
0.979651
0.981363
0.979748
0.972703
0.977423
0.979198
0.974266
0.979194
0.969777
0.959689
0.971843
0.971876
0.976586
0.974715
0.971874
0.968432
0.973841
0.963084
0.972185
0.973334
0.96605
0.972885
0.975881
0.995622
0.992906
0.996556
0.995462
0.994826
0.98231
0.99246
0.991155
0.98635
0.989642
0.985159
0.978941
0.987184
0.985225
0.980426
0.98046
0.979032
0.983597
0.984182
0.979289
0.982316
0.984186
0.980833
0.982139
0.97309
0.966754
0.979651
0.981363
0.979748
0.972703
0.977423
0.979198
0.974266
0.979194
0.969777
0.959689
0.971843
0.971876
0.976586
0.974715
0.971874
0.968432
0.973841
0.963084
0.972185
0.973334
0.96605
0.972885
0.975881
0.996155
0.995728
0.993608
0.996141
0.994826
0.98231
0.992403
0.991155
0.98635
0.989642
0.985159
0.978941
0.987184
0.986207
0.975989
0.98046
0.979032
0.983597
0.984182
0.979289
0.982316
0.984186
0.980833
0.982139
0.97309
0.966754
0.979651
0.981363
0.979748
0.974683
0.978171
0.979873
0.975536
0.974475
0.969777
0.959689
0.971843
0.969473
0.976586
0.974715
0.971874
0.968432
0.973841
0.963084
0.972185
0.973334
0.96605
0.972885
0.975881
0.996155
0.995728
0.993608
0.996141
0.994826
0.98231
0.992447
0.990211
0.98635
0.989642
0.985159
0.978941
0.987184
0.986207
0.975989
0.98046
0.979032
0.983597
0.984182
0.979289
0.982316
0.984186
0.980833
0.982139
0.97309
0.966754
0.979651
0.981363
0.979748
0.974683
0.978171
0.979873
0.975536
0.974475
0.969777
0.959689
0.971843
0.969473
0.976586
0.974715
0.971874
0.968432
0.973841
0.963084
0.972185
0.973334
0.96605
0.972885
0.975881
0.995622
0.996108
0.996556
0.993563
0.994826
0.98231
0.989298
0.987599
0.98635
0.989642
0.985159
0.978941
0.987184
0.983673
0.975989
0.98046
0.979032
0.983597
0.984182
0.979289
0.982316
0.984186
0.980833
0.982139
0.97309
0.966754
0.979651
0.981363
0.979748
0.976454
0.978171
0.979873
0.975536
0.974475
0.969777
0.959689
0.971843
0.969473
0.976935
0.972055
0.973778
0.966809
0.973841
0.963084
0.972185
0.973334
0.96605
0.972885
0.975881
0.995622
0.996108
0.996556
0.993563
0.994826
0.98231
0.988979
0.987058
0.98635
0.989642
0.985159
0.978941
0.987184
0.983673
0.975989
0.98046
0.979032
0.983597
0.984182
0.979289
0.982316
0.984186
0.980833
0.982139
0.97309
0.966754
0.979651
0.981363
0.979748
0.976736
0.978171
0.979873
0.975536
0.974475
0.969777
0.959689
0.971843
0.969473
0.976864
0.972167
0.973778
0.966809
0.973841
0.963084
0.972185
0.973334
0.96605
0.972885
0.975881
0.996155
0.996108
0.996556
0.993563
0.994826
0.98231
0.991493
0.987942
0.98635
0.989642
0.985159
0.978941
0.987184
0.983673
0.975989
0.98046
0.979962
0.977406
0.984182
0.979289
0.98182
0.984186
0.980833
0.982139
0.97309
0.966754
0.979651
0.981363
0.979748
0.974683
0.978171
0.979873
0.970117
0.979194
0.969777
0.954518
0.975065
0.972579
0.976586
0.973366
0.977552
0.970578
0.973841
0.963084
0.972185
0.973334
0.96605
0.972885
0.975881
0.996155
0.996108
0.996556
0.993563
0.994826
0.98231
0.991493
0.987611
0.98635
0.989642
0.985159
0.978941
0.987184
0.983673
0.975989
0.98046
0.979962
0.977406
0.984182
0.979289
0.98182
0.984186
0.980833
0.982139
0.97309
0.966754
0.979651
0.981363
0.979748
0.974683
0.978171
0.979873
0.970117
0.979194
0.969777
0.953806
0.975649
0.973288
0.976586
0.973366
0.977552
0.970578
0.973841
0.963084
0.972185
0.973334
0.96605
0.972885
0.975881
0.995622
0.996108
0.996556
0.993563
0.994826
0.986429
0.991465
0.98872
0.985834
0.989642
0.985159
0.978941
0.987184
0.983673
0.975989
0.98046
0.983021
0.977406
0.984182
0.979289
0.982316
0.984186
0.980833
0.982139
0.97309
0.966754
0.979651
0.981363
0.979748
0.974683
0.978171
0.979873
0.970117
0.979194
0.969777
0.953806
0.973482
0.973288
0.976586
0.973811
0.973778
0.966809
0.973841
0.963084
0.972185
0.973334
0.96605
0.972885
0.975881
0.995622
0.996108
0.996556
0.993563
0.994826
0.986429
0.991465
0.98872
0.985834
0.989642
0.985159
0.978941
0.987184
0.983673
0.975989
0.98046
0.983021
0.977406
0.984182
0.979289
0.982316
0.984186
0.980833
0.982139
0.97309
0.966754
0.979651
0.981363
0.979748
0.974683
0.978171
0.979873
0.970117
0.979194
0.969777
0.953806
0.973482
0.973288
0.976586
0.973811
0.973778
0.966809
0.973841
0.963084
0.972185
0.973334
0.96605
0.972885
0.975881
0.996155
0.996108
0.996556
0.995484
0.989775
0.986772
0.99081
0.98307
0.985834
0.989642
0.985159
0.978941
0.987184
0.983673
0.975989
0.98046
0.983021
0.977406
0.984182
0.979289
0.982316
0.984186
0.980833
0.982139
0.97309
0.966754
0.979651
0.981363
0.979748
0.974683
0.978171
0.979873
0.970117
0.979194
0.969777
0.953806
0.975352
0.973288
0.976935
0.970642
0.97327
0.96972
0.978386
0.955209
0.972185
0.973334
0.96605
0.972885
0.975881
0.996155
0.996108
0.996556
0.995484
0.989775
0.986772
0.99081
0.98307
0.985834
0.989642
0.985159
0.978941
0.987184
0.983673
0.975989
0.98046
0.983021
0.977406
0.984182
0.979289
0.982316
0.984186
0.980833
0.982139
0.97309
0.966754
0.979651
0.981363
0.979748
0.974683
0.978171
0.979873
0.970117
0.979194
0.969777
0.953806
0.975649
0.973288
0.976935
0.970642
0.97327
0.96972
0.978386
0.955209
0.972185
0.973334
0.96605
0.972885
0.975881
0.995622
0.996108
0.996556
0.993563
0.989775
0.990896
0.99081
0.98307
0.985834
0.989642
0.985159
0.978941
0.987184
0.983673
0.975989
0.98046
0.983021
0.977406
0.984182
0.979289
0.982316
0.984186
0.980833
0.982139
0.97309
0.966754
0.979651
0.981363
0.979748
0.974923
0.977423
0.979198
0.974266
0.979194
0.969777
0.959689
0.971843
0.969473
0.976935
0.970642
0.97327
0.96972
0.978386
0.955209
0.972185
0.973334
0.96605
0.972885
0.975881
0.995622
0.996108
0.996556
0.993563
0.989775
0.990896
0.99081
0.98307
0.985834
0.989642
0.985159
0.978941
0.987184
0.983673
0.975989
0.98046
0.983021
0.977406
0.984182
0.979289
0.982316
0.984186
0.980833
0.982139
0.97309
0.966754
0.979651
0.981363
0.979748
0.975269
0.977423
0.979198
0.974266
0.979194
0.969777
0.959689
0.971843
0.969473
0.976864
0.97038
0.97327
0.96972
0.978386
0.955209
0.972185
0.973334
0.96605
0.972885
0.975881
0.996155
0.996108
0.996556
0.992224
0.993333
0.992363
0.99081
0.98307
0.985834
0.989642
0.985159
0.978941
0.987184
0.983673
0.975989
0.98046
0.983021
0.977406
0.984182
0.979289
0.982316
0.982177
0.976874
0.982139
0.97309
0.966754
0.979651
0.980493
0.979546
0.974683
0.978171
0.979873
0.975536
0.974475
0.969777
0.954518
0.975065
0.972579
0.976586
0.969411
0.97327
0.96972
0.978386
0.955209
0.972185
0.973334
0.96605
0.972885
0.975881
0.996155
0.996108
0.996556
0.992224
0.993333
0.992363
0.99081
0.98307
0.985834
0.989642
0.984463
0.978941
0.987184
0.983673
0.975989
0.98046
0.983021
0.977406
0.984182
0.979289
0.982316
0.982177
0.976874
0.982139
0.97309
0.966754
0.979651
0.980493
0.979711
0.974683
0.978171
0.979873
0.975536
0.974475
0.969777
0.953806
0.975649
0.973288
0.976586
0.969411
0.97327
0.96972
0.978386
0.955209
0.972185
0.973334
0.96605
0.972885
0.975881
0.996155
0.996108
0.996556
0.987076
0.993811
0.993375
0.989385
0.98307
0.985834
0.988076
0.982851
0.984276
0.987184
0.983673
0.975989
0.98046
0.983021
0.977406
0.984182
0.979289
0.982316
0.982177
0.976874
0.982139
0.97309
0.966754
0.979651
0.9804
0.979748
0.974683
0.978171
0.979873
0.970117
0.979194
0.969777
0.953806
0.975649
0.973288
0.976935
0.970642
0.97327
0.96972
0.978386
0.955209
0.972185
0.973334
0.96605
0.972885
0.975881
0.996155
0.996108
0.996556
0.987076
0.993811
0.993375
0.989385
0.98307
0.985834
0.988076
0.982851
0.984276
0.987184
0.983673
0.975989
0.98046
0.983021
0.977406
0.984182
0.979289
0.982316
0.982177
0.976874
0.982139
0.97309
0.966754
0.979651
0.9804
0.979748
0.974683
0.978171
0.979873
0.970117
0.979194
0.969777
0.953806
0.975649
0.972882
0.976935
0.970642
0.97327
0.96972
0.978386
0.955209
0.972185
0.973334
0.96605
0.972885
0.975881
0.995622
0.996108
0.996556
0.992224
0.989775
0.991326
0.989337
0.98594
0.985834
0.988076
0.986071
0.978941
0.987184
0.983673
0.975989
0.98046
0.983021
0.977406
0.984182
0.979289
0.982316
0.982177
0.976874
0.982139
0.973706
0.968986
0.979651
0.979949
0.981367
0.974683
0.978171
0.979873
0.975536
0.974475
0.969777
0.953806
0.973765
0.970366
0.976935
0.970642
0.97327
0.96972
0.978386
0.955209
0.972185
0.973334
0.96605
0.972885
0.975881
0.995622
0.996108
0.996556
0.992224
0.989775
0.991326
0.989337
0.98594
0.985834
0.988076
0.986637
0.978941
0.987184
0.983673
0.975989
0.98046
0.983021
0.977406
0.984182
0.979289
0.982316
0.982177
0.976874
0.982139
0.973706
0.968986
0.979651
0.979949
0.981367
0.974683
0.978171
0.979873
0.975536
0.974475
0.969777
0.953806
0.973482
0.970739
0.976864
0.97038
0.97327
0.96972
0.978386
0.955209
0.972185
0.973334
0.96605
0.972885
0.975881
0.995622
0.992934
0.997694
0.987076
0.993811
0.988749
0.985385
0.987494
0.985834
0.991681
0.985135
0.981713
0.987184
0.983673
0.975989
0.98046
0.983021
0.977406
0.984182
0.979289
0.982316
0.984186
0.976874
0.982139
0.97309
0.966754
0.979651
0.9804
0.979748
0.974683
0.978171
0.979873
0.970117
0.979194
0.969777
0.962198
0.971843
0.970739
0.976586
0.969411
0.97327
0.96972
0.978386
0.955209
0.972185
0.973334
0.96605
0.972885
0.975881
0.995663
0.992934
0.997694
0.987076
0.993811
0.988749
0.985451
0.987187
0.985834
0.991681
0.985135
0.981713
0.987184
0.983673
0.975989
0.98046
0.983021
0.977406
0.984182
0.979289
0.982316
0.984186
0.976874
0.982139
0.97309
0.966754
0.979651
0.9804
0.979748
0.974683
0.978171
0.979873
0.970117
0.979194
0.969777
0.962198
0.971843
0.970739
0.976586
0.969411
0.97327
0.96972
0.978386
0.955209
0.972185
0.973334
0.96605
0.972885
0.975881
0.996063
0.996108
0.996556
0.987076
0.993811
0.9908
0.989249
0.98608
0.985834
0.988076
0.985909
0.978941
0.987184
0.983673
0.975989
0.98046
0.983021
0.977406
0.984182
0.979289
0.981856
0.982718
0.976874
0.982139
0.97309
0.966754
0.979651
0.9804
0.979748
0.974683
0.978171
0.979873
0.975536
0.974475
0.969777
0.954762
0.97325
0.969881
0.976586
0.969411
0.97327
0.96972
0.978386
0.955209
0.972185
0.973334
0.96605
0.972885
0.975881
3D: 0.424086 SSIM: 0.979334 Total: 0.415322
