./../data/out.mp4
ffprobe -v error -of flat=s=_  -select_streams v:0 -show_entries stream=width,height,r_frame_rate -show_entries format=duration,nb_frames -of default=noprint_wrappers=1:nokey=1 ./../data/out.mp4
25
2000
ffmpeg -i ./../data/out.mp4 -f image2pipe -pix_fmt yuv420p -vcodec rawvideo - 2>/dev/null
ffmpeg -i ./../data/out.mp4 -f image2pipe -pix_fmt yuv420p -vcodec rawvideo - 2>/dev/null
./../data/out2.mp4
ffprobe -v error -of flat=s=_  -select_streams v:0 -show_entries stream=width,height,r_frame_rate -show_entries format=duration,nb_frames -of default=noprint_wrappers=1:nokey=1 ./../data/out2.mp4
25
2000
ffmpeg -i ./../data/out2.mp4 -f image2pipe -pix_fmt yuv420p -vcodec rawvideo - 2>/dev/null
ffmpeg -i ./../data/out2.mp4 -f image2pipe -pix_fmt yuv420p -vcodec rawvideo - 2>/dev/null
0
0
0
0
0
0
0
0
0
0
0
0
0
0
0
0
0
0
0
0
0
0
0
0
0
0
0
0
0
0
0
0
0
0
0
0
0
0
0
0
0
0
0
0
0
0
0
0
0
0
1
2
3
4
5
6
7
8
9
10
11
12
13
14
15
16
17
18
19
20
21
22
23
24
25
26
27
28
29
30
31
32
33
34
35
36
37
38
39
40
41
42
43
44
45
46
47
48
0
2
4
6
8
10
12
14
16
18
20
22
24
26
28
30
32
34
36
38
40
42
44
46
48
50
52
54
56
58
60
62
64
66
68
70
72
74
76
78
80
82
84
86
88
90
92
94
96
0
3
6
9
12
15
18
21
24
27
30
33
36
39
42
45
48
51
54
57
60
63
66
69
72
75
78
81
84
87
90
93
96
99
102
105
108
111
114
117
120
123
126
129
132
135
138
141
144
0
4
8
12
16
20
24
28
32
36
40
44
48
52
56
60
64
68
72
76
80
84
88
92
96
100
104
108
112
116
120
124
128
132
136
140
144
148
152
156
160
164
168
172
176
180
184
188
192
0
5
10
15
20
25
30
35
40
45
50
55
60
65
70
75
80
85
90
95
100
105
110
115
120
125
130
135
140
145
150
155
160
165
170
175
180
185
190
195
200
205
210
215
220
225
230
235
240
0
6
12
18
24
30
36
42
48
54
60
66
72
78
84
90
96
102
108
114
120
126
132
138
144
150
156
162
168
174
180
186
192
198
204
210
216
222
228
234
240
246
252
258
264
270
276
282
288
0
7
14
21
28
35
42
49
56
63
70
77
84
91
98
105
112
119
126
133
140
147
154
161
168
175
182
189
196
203
210
217
224
231
238
245
252
259
266
273
280
287
294
301
308
315
322
329
336
0
8
16
24
32
40
48
56
64
72
80
88
96
104
112
120
128
136
144
152
160
168
176
184
192
200
208
216
224
232
240
248
256
264
272
280
288
296
304
312
320
328
336
344
352
360
368
376
384
0
9
18
27
36
45
54
63
72
81
90
99
108
117
126
135
144
153
162
171
180
189
198
207
216
225
234
243
252
261
270
279
288
297
306
315
324
333
342
351
360
369
378
387
396
405
414
423
432
0
10
20
30
40
50
60
70
80
90
100
110
120
130
140
150
160
170
180
190
200
210
220
230
240
250
260
270
280
290
300
310
320
330
340
350
360
370
380
390
400
410
420
430
440
450
460
470
480
0
11
22
33
44
55
66
77
88
99
110
121
132
143
154
165
176
187
198
209
220
231
242
253
264
275
286
297
308
319
330
341
352
363
374
385
396
407
418
429
440
451
462
473
484
495
506
517
528
0
12
24
36
48
60
72
84
96
108
120
132
144
156
168
180
192
204
216
228
240
252
264
276
288
300
312
324
336
348
360
372
384
396
408
420
432
444
456
468
480
492
504
516
528
540
552
564
576
0
13
26
39
52
65
78
91
104
117
130
143
156
169
182
195
208
221
234
247
260
273
286
299
312
325
338
351
364
377
390
403
416
429
442
455
468
481
494
507
520
533
546
559
572
585
598
611
624
0
14
28
42
56
70
84
98
112
126
140
154
168
182
196
210
224
238
252
266
280
294
308
322
336
350
364
378
392
406
420
434
448
462
476
490
504
518
532
546
560
574
588
602
616
630
644
658
672
0
15
30
45
60
75
90
105
120
135
150
165
180
195
210
225
240
255
270
285
300
315
330
345
360
375
390
405
420
435
450
465
480
495
510
525
540
555
570
585
600
615
630
645
660
675
690
705
720
0
16
32
48
64
80
96
112
128
144
160
176
192
208
224
240
256
272
288
304
320
336
352
368
384
400
416
432
448
464
480
496
512
528
544
560
576
592
608
624
640
656
672
688
704
720
736
752
768
0
17
34
51
68
85
102
119
136
153
170
187
204
221
238
255
272
289
306
323
340
357
374
391
408
425
442
459
476
493
510
527
544
561
578
595
612
629
646
663
680
697
714
731
748
765
782
799
816
0
18
36
54
72
90
108
126
144
162
180
198
216
234
252
270
288
306
324
342
360
378
396
414
432
450
468
486
504
522
540
558
576
594
612
630
648
666
684
702
720
738
756
774
792
810
828
846
864
0
19
38
57
76
95
114
133
152
171
190
209
228
247
266
285
304
323
342
361
380
399
418
437
456
475
494
513
532
551
570
589
608
627
646
665
684
703
722
741
760
779
798
817
836
855
874
893
912
0
20
40
60
80
100
120
140
160
180
200
220
240
260
280
300
320
340
360
380
400
420
440
460
480
500
520
540
560
580
600
620
640
660
680
700
720
740
760
780
800
820
840
860
880
900
920
940
960
0
21
42
63
84
105
126
147
168
189
210
231
252
273
294
315
336
357
378
399
420
441
462
483
504
525
546
567
588
609
630
651
672
693
714
735
756
777
798
819
840
861
882
903
924
945
966
987
1008
0
22
44
66
88
110
132
154
176
198
220
242
264
286
308
330
352
374
396
418
440
462
484
506
528
550
572
594
616
638
660
682
704
726
748
770
792
814
836
858
880
902
924
946
968
990
1012
1034
1056
0
23
46
69
92
115
138
161
184
207
230
253
276
299
322
345
368
391
414
437
460
483
506
529
552
575
598
621
644
667
690
713
736
759
782
805
828
851
874
897
920
943
966
989
1012
1035
1058
1081
1104
0
24
48
72
96
120
144
168
192
216
240
264
288
312
336
360
384
408
432
456
480
504
528
552
576
600
624
648
672
696
720
744
768
792
816
840
864
888
912
936
960
984
1008
1032
1056
1080
1104
1128
1152
0
25
50
75
100
125
150
175
200
225
250
275
300
325
350
375
400
425
450
475
500
525
550
575
600
625
650
675
700
725
750
775
800
825
850
875
900
925
950
975
1000
1025
1050
1075
1100
1125
1150
1175
1200
0
26
52
78
104
130
156
182
208
234
260
286
312
338
364
390
416
442
468
494
520
546
572
598
624
650
676
702
728
754
780
806
832
858
884
910
936
962
988
1014
1040
1066
1092
1118
1144
1170
1196
1222
1248
0
27
54
81
108
135
162
189
216
243
270
297
324
351
378
405
432
459
486
513
540
567
594
621
648
675
702
729
756
783
810
837
864
891
918
945
972
999
1026
1053
1080
1107
1134
1161
1188
1215
1242
1269
1296
0
28
56
84
112
140
168
196
224
252
280
308
336
364
392
420
448
476
504
532
560
588
616
644
672
700
728
756
784
812
840
868
896
924
952
980
1008
1036
1064
1092
1120
1148
1176
1204
1232
1260
1288
1316
1344
0
29
58
87
116
145
174
203
232
261
290
319
348
377
406
435
464
493
522
551
580
609
638
667
696
725
754
783
812
841
870
899
928
957
986
1015
1044
1073
1102
1131
1160
1189
1218
1247
1276
1305
1334
1363
1392
0
30
60
90
120
150
180
210
240
270
300
330
360
390
420
450
480
510
540
570
600
630
660
690
720
750
780
810
840
870
900
930
960
990
1020
1050
1080
1110
1140
1170
1200
1230
1260
1290
1320
1350
1380
1410
1440
0
31
62
93
124
155
186
217
248
279
310
341
372
403
434
465
496
527
558
589
620
651
682
713
744
775
806
837
868
899
930
961
992
1023
1054
1085
1116
1147
1178
1209
1240
1271
1302
1333
1364
1395
1426
1457
1488
0
32
64
96
128
160
192
224
256
288
320
352
384
416
448
480
512
544
576
608
640
672
704
736
768
800
832
864
896
928
960
992
1024
1056
1088
1120
1152
1184
1216
1248
1280
1312
1344
1376
1408
1440
1472
1504
1536
0
33
66
99
132
165
198
231
264
297
330
363
396
429
462
495
528
561
594
627
660
693
726
759
792
825
858
891
924
957
990
1023
1056
1089
1122
1155
1188
1221
1254
1287
1320
1353
1386
1419
1452
1485
1518
1551
1584
0
34
68
102
136
170
204
238
272
306
340
374
408
442
476
510
544
578
612
646
680
714
748
782
816
850
884
918
952
986
1020
1054
1088
1122
1156
1190
1224
1258
1292
1326
1360
1394
1428
1462
1496
1530
1564
1598
1632
0
35
70
105
140
175
210
245
280
315
350
385
420
455
490
525
560
595
630
665
700
735
770
805
840
875
910
945
980
1015
1050
1085
1120
1155
1190
1225
1260
1295
1330
1365
1400
1435
1470
1505
1540
1575
1610
1645
1680
0
36
72
108
144
180
216
252
288
324
360
396
432
468
504
540
576
612
648
684
720
756
792
828
864
900
936
972
1008
1044
1080
1116
1152
1188
1224
1260
1296
1332
1368
1404
1440
1476
1512
1548
1584
1620
1656
1692
1728
0
37
74
111
148
185
222
259
296
333
370
407
444
481
518
555
592
629
666
703
740
777
814
851
888
925
962
999
1036
1073
1110
1147
1184
1221
1258
1295
1332
1369
1406
1443
1480
1517
1554
1591
1628
1665
1702
1739
1776
0
38
76
114
152
190
228
266
304
342
380
418
456
494
532
570
608
646
684
722
760
798
836
874
912
950
988
1026
1064
1102
1140
1178
1216
1254
1292
1330
1368
1406
1444
1482
1520
1558
1596
1634
1672
1710
1748
1786
1824
0
39
78
117
156
195
234
273
312
351
390
429
468
507
546
585
624
663
702
741
780
819
858
897
936
975
1014
1053
1092
1131
1170
1209
1248
1287
1326
1365
1404
1443
1482
1521
1560
1599
1638
1677
1716
1755
1794
1833
1872
0
40
80
120
160
200
240
280
320
360
400
440
480
520
560
600
640
680
720
760
800
840
880
920
960
1000
1040
1080
1120
1160
1200
1240
1280
1320
1360
1400
1440
1480
1520
1560
1600
1640
1680
1720
1760
1800
1840
1880
1920
0
41
82
123
164
205
246
287
328
369
410
451
492
533
574
615
656
697
738
779
820
861
902
943
984
1025
1066
1107
1148
1189
1230
1271
1312
1353
1394
1435
1476
1517
1558
1599
1640
1681
1722
1763
1804
1845
1886
1927
1968
0
42
84
126
168
210
252
294
336
378
420
462
504
546
588
630
672
714
756
798
840
882
924
966
1008
1050
1092
1134
1176
1218
1260
1302
1344
1386
1428
1470
1512
1554
1596
1638
1680
1722
1764
1806
1848
1890
1932
1974
2016
0
43
86
129
172
215
258
301
344
387
430
473
516
559
602
645
688
731
774
817
860
903
946
989
1032
1075
1118
1161
1204
1247
1290
1333
1376
1419
1462
1505
1548
1591
1634
1677
1720
1763
1806
1849
1892
1935
1978
2021
2064
0
44
88
132
176
220
264
308
352
396
440
484
528
572
616
660
704
748
792
836
880
924
968
1012
1056
1100
1144
1188
1232
1276
1320
1364
1408
1452
1496
1540
1584
1628
1672
1716
1760
1804
1848
1892
1936
1980
2024
2068
2112
0
45
90
135
180
225
270
315
360
405
450
495
540
585
630
675
720
765
810
855
900
945
990
1035
1080
1125
1170
1215
1260
1305
1350
1395
1440
1485
1530
1575
1620
1665
1710
1755
1800
1845
1890
1935
1980
2025
2070
2115
2160
0
46
92
138
184
230
276
322
368
414
460
506
552
598
644
690
736
782
828
874
920
966
1012
1058
1104
1150
1196
1242
1288
1334
1380
1426
1472
1518
1564
1610
1656
1702
1748
1794
1840
1886
1932
1978
2024
2070
2116
2162
2208
0
47
94
141
188
235
282
329
376
423
470
517
564
611
658
705
752
799
846
893
940
987
1034
1081
1128
1175
1222
1269
1316
1363
1410
1457
1504
1551
1598
1645
1692
1739
1786
1833
1880
1927
1974
2021
2068
2115
2162
2209
2256
0
48
96
144
192
240
288
336
384
432
480
528
576
624
672
720
768
816
864
912
960
1008
1056
1104
1152
1200
1248
1296
1344
1392
1440
1488
1536
1584
1632
1680
1728
1776
1824
1872
1920
1968
2016
2064
2112
2160
2208
2256
2304
2401
0.98506
0.987321
0.983541
0.984251
0.986265
0.986265
0.986262
0.986398
0.984719
0.984719
0.986031
0.985745
0.984555
0.984503
0.98377
0.983075
0.981175
0.983348
0.982799
0.982028
0.979669
0.982075
0.981832
0.981802
0.981646
0.981152
0.979578
0.979665
0.979765
0.979615
0.979253
0.979404
0.97972
0.980041
0.98087
0.980172
0.98077
0.981159
0.982286
0.981845
0.982988
0.9822
0.982506
0.982327
0.981725
0.982629
0.982806
0.982987
0.983849
0.987805
0.986893
0.983939
0.984638
0
0.984769
0.992207
0.985434
0.986135
0.9853
0
0.984687
0
0.984964
0.985765
0.986128
0.99049
0.985724
0
0.984499
0.985778
0.984499
0
0.984499
0
0.984499
0.98541
0.984499
0.98701
0.98455
0
0.98471
0.984402
0.98479
0
0.985161
0.991095
0.985107
0.984902
0.984739
0
0.984764
0.985524
0.984976
0.986456
0.985353
0.991988
0.986578
0
0.98731
0.985999
0.985928
0
0.985577
0
0.98403
0.985489
0
0
0.986147
0
0.991148
0.986032
0.982946
0
0.984937
0.991296
0.983203
0.984672
0
0.985652
0.984773
0.99352
0
0.984314
0.983741
0.991688
0.985358
0
0.983703
0.985743
0.992096
0
0.987211
0.986136
0
0.986826
0.984228
0
0.985358
0
0.984474
0.985709
0
0.993285
0.986894
0.99013
0
0.984017
0.985011
0
0.992829
0
0.984031
0.987691
0.984492
0.992436
0.983019
0
0
0
0.983449
0.984597
0.989963
0
0.983386
0.990125
0
0
0.983383
0.987303
0.991331
0.990299
0.983496
0
0.989228
0.991547
0.983326
0
0
0
0.983234
0
0.987682
0
0.983403
0.991497
0.988078
0.993164
0.983467
0.987681
0.990867
0
0.983739
0
0
0.990894
0.986719
0
0.987677
0
0.990857
0
0
0.98577
0.988545
0.990851
0
0.988588
0.989066
0.993032
0.990697
0
0
0
0
0.992262
0.98787
0.984702
0
0
0.991865
0.9887
0.98787
0
0.985777
0.992239
0
0
0.986995
0
0.993885
0.986199
0.988653
0
0.986859
0.993277
0
0
0.9855
0
0.990967
0
0.993825
0.988958
0
0.985506
0.986586
0.988331
0.987888
0
0.9892
0
0.988473
0.993149
0
0.990909
0.989316
0
0.990006
0.986033
0.99045
0.988865
0
0
0.98774
0
0.985624
0
0
0
0.98774
0
0.987666
0.985713
0
0.991465
0.989507
0
0
0.988502
0.985011
0
0.988944
0
0
0.990168
0.993375
0.985819
0.987821
0.989607
0.989924
0
0
0
0.985017
0
0.988834
0.98927
0
0.989015
0.990695
0.986384
0
0
0.98873
0
0.987066
0
0.985639
0
0.990695
0
0.98873
0
0
0.986445
0
0
0
0.991371
0.98873
0
0.986375
0.99036
0.98804
0.988386
0
0
0.988608
0.986256
0.990745
0
0
0.987972
0
0
0.985819
0
0.989056
0
0.989754
0.992401
0.987712
0
0.988484
0.990246
0
0
0.991237
0
0.989754
0.987673
0.988688
0
0
0
0
0.991863
0
0
0.988922
0.992809
0
0.992805
0.989243
0
0
0
0.989282
0.987994
0.989455
0
0.990618
0
0.992823
0.990207
0.988353
0.988342
0.988603
0
0.989506
0
0
0
0.988775
0.992122
0
0.988215
0
0
0.989506
0.992026
0.986843
0
0
0
0.988573
0
0
0.993721
0.98916
0
0
0.987849
0
0.98907
0.986798
0.992684
0.992208
0
0.98916
0
0
0
0.990956
0
0.987578
0
0.991797
0
0.990394
0
0
0.989892
0
0.992354
0
0
0
0.992445
0.989969
0
0.988266
0
0.98644
0.990514
0
0.993752
0
0
0.991192
0.988534
0.986568
0
0.991858
0
0
0
0.986418
0
0.990985
0.991658
0
0
0
0.98719
0.992208
0
0
0.991495
0.990009
0
0.99386
0
0.989672
0.990086
0
0
0.992208
0
0.989691
0
0
0.993724
0
0.993909
0.984515
0
0
0
0.990737
0.988871
0
0.988482
0.993159
0
0.989126
0
0
0
0.985184
0
0.991593
0.992274
0.986793
0.992505
0.989843
0
0
0
0.992998
0
0
0
0.992298
0
0.989952
0.987252
0
0
0.988671
0
0.989931
0.993815
0
0
0.992298
0.990312
0.987073
0
0.988981
0
0.989292
0
0
0.98886
0
0.991451
0.991608
0.992844
0
0
0.985003
0.989078
0
0
0
0
0
0
0.991103
0
0
0
0.989593
0
0.989406
0
0
0
0.990801
0.9935
0.990439
0
0
0.989573
0
0
0.989547
0.988846
0.986963
0.991403
0
0
0.990439
0
0
0.988997
0
0
0.989802
0
0.987146
0
0.98716
0.99281
0.98969
0
0.991016
0
0.992415
0
0
0
0
0.987468
0
0
0.987667
0.994066
0
0
0.989678
0
0.989654
0.990991
0
0
0.988737
0
0.989744
0
0.987271
0
0
0
0
0
0.98965
0.988834
0
0.988574
0.99116
0
0
0.989979
0.986149
0
0
0
0.992983
0.992529
0
0
0.988381
0.989135
0
0.994597
0
0.991213
0.986401
0
0
0
0
0
0
0
0.990828
0
0.989568
0
0
0
0.987358
0.990771
0.99137
0
0.988711
0
0.989109
0.988564
0
0
0
0
0.989505
0
0.987371
0
0.990818
0
0
0.991222
0
0.994597
0.988713
0.99253
0
0
0
0
0.987526
0
0
0.99088
0.989894
0
0
0
0.990776
0
0.990884
0
0.988664
0
0
0
0.989437
0
0.991021
0
0
0.98841
0
0
0.990493
0.990897
0
0
0.993006
0
0.988487
0.993941
0.989568
0.990834
0
0
0
0
0
0
0
0.992912
0.991336
0
0
0
0
0
0.990146
0
0.993784
0
0
0.989068
0.990605
0
0.989955
0.993885
0
0.991479
0
0
0
0.988483
0.989568
0
0.988175
0
0.993043
0.993784
0
0
0.990691
0
0
0
0.992046
0
0.989272
0
0.989586
0
0.989307
0
0.989158
0
0
0.992774
0.992593
0
0
0
0
0.991838
0
0
0.989623
0
0.990578
0
0
0
0.989125
0.989272
0
0.98867
0
0.992593
0.992828
0
0.991224
0.993976
0.991204
0
0
0
0
0
0
0
0.989115
0
0
0
0
0
0.99391
0.991175
0.991749
0
0
0
0
0.9927
0.989188
0
0
0
0.98902
0
0.990714
0
0.990689
0
0.991133
0.99391
0
0.989089
0.991929
0
0
0
0
0.988739
0
0
0.988664
0
0
0
0.988817
0
0
0
0.993971
0.99363
0
0
0.99263
0.99037
0
0
0
0
0.988592
0
0
0
0.989523
0.992725
0
0
0
0.993971
0
0
0.990382
0
0.992638
0.988935
0
0
0.988451
0
0
0
0.990954
0
0.990007
0
0
0
0.993659
0.989523
0
0
0
0
0.992668
0
0.989066
0
0.989721
0
0
0
0.990798
0
0
0.993503
0
0.993659
0
0
0.991207
0.992676
0
0.990296
0.992682
0
0.99052
0.989059
0
0
0
0
0
0
0.989604
0
0.993722
0
0
0
0
0
0.993531
0
0.9927
0
0
0
0.989043
0.988993
0
0
0.991259
0
0.991519
0
0
0
0
0
0.991039
0
0
0
0.992699
0
0
0.991694
0
0.989038
0.990799
0
0
0
0.989317
0
0.99047
0
0
0
0
0.991102
0
0
0.992703
0.993555
0.989408
0
0
0
0.9889
0
0.990687
0
0
0
0.993604
0
0
0.989317
0
0
0
0
0.990402
0
0
0
0.990172
0
0.99034
0.988877
0.989701
0.991885
0.990687
0
0.993263
0
0
0
0
0
0
0.994036
0.989321
0
0
0
0
0
0
0
0.988837
0
0
0
0.990995
0
0.989608
0.990207
0
0
0
0
0.991765
0
0
0.993263
0.990466
0.989296
0.994804
0
0
0
0
0
0.990121
0
0.990995
0.992253
0.990791
0
0
0
0.989317
0
0
0
0.99104
0
0
0
0
0
0.989749
0
0
0.994757
0.994058
0
0.990717
0
0.992208
0
0
0
0
0
0.991643
0
0.989378
0
0
0
0
0
0
0.99065
0
0.989471
0
0
0
0
0.990579
0.992372
0
0
0
0.99368
0
0
0.990759
0.991545
0
0
0.989987
0
0
0
0
0
0
0
0.989852
0
0.990274
0
0.992248
0
0
0.994555
0
0
0.991081
0
0
0
0
0
0.992641
0
0.989834
0
0.990848
0
0.991576
0
0
0.989898
0
0
0.990757
0
0
0.990545
0
0
0.994437
0
0
0
0
0
0.991025
0
0
0
0.989608
0
0
0.992693
0.990948
0
0.989598
0
0.990544
0
0
0.991266
0.991882
0
0
0
0.990872
0.994484
0
0
0
0
0
0
0
0
0.989683
0
0
0
0
0.989623
0.99093
0
0.992796
0
0
0
0
0
0.990565
0
0
0
0.993384
0.990617
0.991764
0
0
0
0
0
0.989345
0
0
0
0.989799
0
0
0
0.990938
0
0
0
0
0.992796
0
0
0
0
0
0.993315
0.990486
0
0.991519
0
0
0.991438
0.989359
0
0.991452
0.990844
0
0
0
0
0.991418
0
0.991341
0
0
0
0
0
0
0
0.993135
0
0.993974
0
0
0
0
0.990975
0.989413
0
0
0
0
0
0.991636
0
0
0
0.99151
0
0.991089
0
0
0
0
0
0
0
0
0.994036
0
0.993135
0
0
0
0
0.990852
0
0
0
0.990594
0
0
0
0
0
0
0.991613
0.990644
0
0.99148
0
0.991804
0
0
0.990735
0.994176
0
0
0
0
0
0.993302
0
0
0.990752
0
0
0
0
0
0
0.990713
0
0
0
0.990904
0
0
0
0.99181
0
0
0
0
0
0.991432
0
0
0
0.990785
0
0.990644
0.993302
0.990358
0
0
0
0
0
0
0
0
0
0.991014
0
0
0
0
0
0.991815
0
0
0.99141
0
0
0
0
0
0
0.990728
0
0
0.99069
0.993028
0.991078
0
0
0.990625
0.989925
0
0
0
0
0
0
0.990975
0
0
0
0.991816
0
0
0
0
0
0.99116
0
0
0
0
0
0.991839
0
0.990741
0.993028
0
0
0
0
0.99085
0
0
0
0.990831
0
0.98967
0
0.991002
0
0.991793
0
0
0
0
0
0
0
0
0.991233
0
0
0
0
0
0
0.993365
0
0.990594
0
0
0
0
0
0
0.991048
0
0
0
0
0.991706
0
0
0.98991
0.990622
0
0
0
0
0
0
0
0.991468
0
0
0
0
0.993512
0
0
0
0
0.990527
0
0
0
0
0
0
0
0.990983
0
0.991088
0
0
0
0.991188
0
0
0
0.990256
0
0.990622
0
0
0.991479
0
0
0.993011
0
0
0
0
0
0
0
0.990207
0
0
0
0
0
0
0
0.991112
0.991034
0
0
0
0
0
0
0.990851
0
0
0
0
0.989954
0.991529
0
0.990393
0.992212
0
0
0
0
0
0
0
0
0.990304
0
0
0
0
0
0.991143
0
0
0
0.991172
0
0
0
0
0
0
0
0.991112
0
0
0.991347
0
0
0.989966
0
0
0
0.990393
0
0.99221
0
0
0
0.990741
0
0
0
0
0
0
0
0
0
0
0.99115
0
0
0
0
0
0
0
0
0.991186
0
0
0
0
0
0
0.989984
0
0
0
0
0.990622
0
0.99073
0.992277
0.989992
0
0
0
0
0
0
0
0
0
0.991038
0
0
0
0
0
0
0
0
0
0.991457
0
0
0
0
0
0
0
0.99036
0
0
0
0.990655
0
0.990622
0
0
0
0.992174
0
0.990355
0
0
0
0
0.991052
0
0
0
0
0
0
0
0
0
0
0.991373
0
0
0
0
0
0
0
0
0.990343
0
0
0
0
0
0
0.990639
0
0
0
0
0.992509
0
0
0.991105
0.990912
0
0
0
0
0
0
0
0
0
0
0.99141
0
0
0
0
0
0
0
0
0
0.990313
0
0
0
0
0
0
0
0.990639
0
0
0
0
0
0.992572
0
0
0
0.990741
0
0.991349
0
0
0
0
0
0.991421
0
0
0
0
0
0
0
0
0
0
0.990334
0
0
0
0
0
0
0
0
0.990745
0
0
0
0
0
0
0.992564
0
0
0
0
0.990866
0
0
0.991358
0.993054
0
0
0
0
0
0
0
0
0
0
0
0.990217
0
0
0
0
0
0
0
0
0
0.990745
0
0
0
0
0
0
0
0.992538
0
0
0
0
0
0.990866
0
0
0
0.991396
0
0.993054
0
0
0
0
0
0
0
0
0
0
0
0
0
0
0
0
0
0.990921
0
0
0
0
0
0
0
0
0.992504
0
0
0
0
0
0
0.990866
0
0
0
0
0.991383
0
0
0.993054
0.992824
0
0
0
0
0
0
0
0
0
0
0
0
0
0
0
0
0
0
0
0
0
0
0.992376
0
0
0
0
0
0
0
0.990752
0
0
0
0
0
0.991357
0
0
0
0.99298
0
0.992824
0
0
0
0
0
0
0
0
0
0
0
0
0
0
0
0
0
0
0
0
0
0
0
0
0
0
0
0.990321
0
0
0
0
0
0
0.991195
0
0
0
0
0.992733
0
0
0.992824
0.991247
0
0
0
0
0
0
0
0
0
0
0
0
0
0
0
0
0
0
0
0
0
0
0
0
0
0
0
0
0
0
0
0.990484
0
0
0
0
0
0.992893
0
0
0
0.992651
0
0.991247
0
0
0
0
0
0
0
0
0
0
0
0
0
0
0
0
0
0
0
0
0
0
0
0
0
0
0
0
0
0
0
0
0
0
0
0.992664
0
0
0
0
0.992651
0
0
0.991309
0.992387
0
0
0
0
0
0
0
0
0
0
0
0
0
0
0
0
0
0
0
0
0
0
0
0
0
0
0
0
0
0
0
0
0
0
0
0
0
0
0.992602
0
0
0
0.991309
0
0.992448
0
0
0
0
0
0
0
0
0
0
0
0
0
0
0
0
0
0
0
0
0
0
0
0
0
0
0
0
0
0
0
0
0
0
0
0
0
0
0
0
0
0.991215
0
0
0.992448
0.992228
0
0
0
0
0
0
0
0
0
0
0
0
0
0
0
0
0
0
0
0
0
0
0
0
0
0
0
0
0
0
0
0
0
0
0
0
0
0
0
0
0
0
0
0.992356
0
0.992204
0
0
0
0
0
0
0
0
0
0
0
0
0
0
0
0
0
0
0
0
0
0
0
0
0
0
0
0
0
0
0
0
0
0
0
0
0
0
0
0
0
0
0
0
0
0.992136
0.990481
0
0
0
0
0
0
0
0
0
0
0
0
0
0
0
0
0
0
0
0
0
0
0
0
0
0
0
0
0
0
0
0
0
0
0
0
0
0
0
0
0
0
0
0
0
0
0.990422
0
0
0
0
0
0
0
0
0
0
0
0
0
0
0
0
0
0
0
0
0
0
0
0
0
0
0
0
0
0
0
0
0
0
0
0
0
0
0
0
0
0
0
0
0
0
0
0.990825
0
0
0
0
0
0
0
0
0
0
0
0
0
0
0
0
0
0
0
0
0
0
0
0
0
0
0
0
0
0
0
0
0
0
0
0
0
0
0
0
0
0
0
0
0
0
0
0
0
0
0
0
0
0
0
0
0
0
0
0
0
0
0
0
0
0
0
0
0
0
0
0
0
0
0
0
0
0
0
0
0
0
0
0
0
0
0
0
0
0
0
0
0
0
0
0
3D: 0.308254 SSIM: 1 Total: 0.308254
0
0
0
0
0
0
0
0
0
0
0
0
0
0
0
0
0
0
0
0
0
0
0
0
0
0
0
0
0
0
0
0
0
0
0
0
0
0
0
0
0
0
0
0
0
0
0
0
0
0
1
2
3
4
5
6
7
8
9
10
11
12
13
14
15
16
17
18
19
20
21
22
23
24
25
26
27
28
29
30
31
32
33
34
35
36
37
38
39
40
41
42
43
44
45
46
47
48
0
2
4
6
8
10
12
14
16
18
20
22
24
26
28
30
32
34
36
38
40
42
44
46
48
50
52
54
56
58
60
62
64
66
68
70
72
74
76
78
80
82
84
86
88
90
92
94
96
0
3
6
9
12
15
18
21
24
27
30
33
36
39
42
45
48
51
54
57
60
63
66
69
72
75
78
81
84
87
90
93
96
99
102
105
108
111
114
117
120
123
126
129
132
135
138
141
144
0
4
8
12
16
20
24
28
32
36
40
44
48
52
56
60
64
68
72
76
80
84
88
92
96
100
104
108
112
116
120
124
128
132
136
140
144
148
152
156
160
164
168
172
176
180
184
188
192
0
5
10
15
20
25
30
35
40
45
50
55
60
65
70
75
80
85
90
95
100
105
110
115
120
125
130
135
140
145
150
155
160
165
170
175
180
185
190
195
200
205
210
215
220
225
230
235
240
0
6
12
18
24
30
36
42
48
54
60
66
72
78
84
90
96
102
108
114
120
126
132
138
144
150
156
162
168
174
180
186
192
198
204
210
216
222
228
234
240
246
252
258
264
270
276
282
288
0
7
14
21
28
35
42
49
56
63
70
77
84
91
98
105
112
119
126
133
140
147
154
161
168
175
182
189
196
203
210
217
224
231
238
245
252
259
266
273
280
287
294
301
308
315
322
329
336
0
8
16
24
32
40
48
56
64
72
80
88
96
104
112
120
128
136
144
152
160
168
176
184
192
200
208
216
224
232
240
248
256
264
272
280
288
296
304
312
320
328
336
344
352
360
368
376
384
0
9
18
27
36
45
54
63
72
81
90
99
108
117
126
135
144
153
162
171
180
189
198
207
216
225
234
243
252
261
270
279
288
297
306
315
324
333
342
351
360
369
378
387
396
405
414
423
432
0
10
20
30
40
50
60
70
80
90
100
110
120
130
140
150
160
170
180
190
200
210
220
230
240
250
260
270
280
290
300
310
320
330
340
350
360
370
380
390
400
410
420
430
440
450
460
470
480
0
11
22
33
44
55
66
77
88
99
110
121
132
143
154
165
176
187
198
209
220
231
242
253
264
275
286
297
308
319
330
341
352
363
374
385
396
407
418
429
440
451
462
473
484
495
506
517
528
0
12
24
36
48
60
72
84
96
108
120
132
144
156
168
180
192
204
216
228
240
252
264
276
288
300
312
324
336
348
360
372
384
396
408
420
432
444
456
468
480
492
504
516
528
540
552
564
576
0
13
26
39
52
65
78
91
104
117
130
143
156
169
182
195
208
221
234
247
260
273
286
299
312
325
338
351
364
377
390
403
416
429
442
455
468
481
494
507
520
533
546
559
572
585
598
611
624
0
14
28
42
56
70
84
98
112
126
140
154
168
182
196
210
224
238
252
266
280
294
308
322
336
350
364
378
392
406
420
434
448
462
476
490
504
518
532
546
560
574
588
602
616
630
644
658
672
0
15
30
45
60
75
90
105
120
135
150
165
180
195
210
225
240
255
270
285
300
315
330
345
360
375
390
405
420
435
450
465
480
495
510
525
540
555
570
585
600
615
630
645
660
675
690
705
720
0
16
32
48
64
80
96
112
128
144
160
176
192
208
224
240
256
272
288
304
320
336
352
368
384
400
416
432
448
464
480
496
512
528
544
560
576
592
608
624
640
656
672
688
704
720
736
752
768
0
17
34
51
68
85
102
119
136
153
170
187
204
221
238
255
272
289
306
323
340
357
374
391
408
425
442
459
476
493
510
527
544
561
578
595
612
629
646
663
680
697
714
731
748
765
782
799
816
0
18
36
54
72
90
108
126
144
162
180
198
216
234
252
270
288
306
324
342
360
378
396
414
432
450
468
486
504
522
540
558
576
594
612
630
648
666
684
702
720
738
756
774
792
810
828
846
864
0
19
38
57
76
95
114
133
152
171
190
209
228
247
266
285
304
323
342
361
380
399
418
437
456
475
494
513
532
551
570
589
608
627
646
665
684
703
722
741
760
779
798
817
836
855
874
893
912
0
20
40
60
80
100
120
140
160
180
200
220
240
260
280
300
320
340
360
380
400
420
440
460
480
500
520
540
560
580
600
620
640
660
680
700
720
740
760
780
800
820
840
860
880
900
920
940
960
0
21
42
63
84
105
126
147
168
189
210
231
252
273
294
315
336
357
378
399
420
441
462
483
504
525
546
567
588
609
630
651
672
693
714
735
756
777
798
819
840
861
882
903
924
945
966
987
1008
0
22
44
66
88
110
132
154
176
198
220
242
264
286
308
330
352
374
396
418
440
462
484
506
528
550
572
594
616
638
660
682
704
726
748
770
792
814
836
858
880
902
924
946
968
990
1012
1034
1056
0
23
46
69
92
115
138
161
184
207
230
253
276
299
322
345
368
391
414
437
460
483
506
529
552
575
598
621
644
667
690
713
736
759
782
805
828
851
874
897
920
943
966
989
1012
1035
1058
1081
1104
0
24
48
72
96
120
144
168
192
216
240
264
288
312
336
360
384
408
432
456
480
504
528
552
576
600
624
648
672
696
720
744
768
792
816
840
864
888
912
936
960
984
1008
1032
1056
1080
1104
1128
1152
0
25
50
75
100
125
150
175
200
225
250
275
300
325
350
375
400
425
450
475
500
525
550
575
600
625
650
675
700
725
750
775
800
825
850
875
900
925
950
975
1000
1025
1050
1075
1100
1125
1150
1175
1200
0
26
52
78
104
130
156
182
208
234
260
286
312
338
364
390
416
442
468
494
520
546
572
598
624
650
676
702
728
754
780
806
832
858
884
910
936
962
988
1014
1040
1066
1092
1118
1144
1170
1196
1222
1248
0
27
54
81
108
135
162
189
216
243
270
297
324
351
378
405
432
459
486
513
540
567
594
621
648
675
702
729
756
783
810
837
864
891
918
945
972
999
1026
1053
1080
1107
1134
1161
1188
1215
1242
1269
1296
0
28
56
84
112
140
168
196
224
252
280
308
336
364
392
420
448
476
504
532
560
588
616
644
672
700
728
756
784
812
840
868
896
924
952
980
1008
1036
1064
1092
1120
1148
1176
1204
1232
1260
1288
1316
1344
0
29
58
87
116
145
174
203
232
261
290
319
348
377
406
435
464
493
522
551
580
609
638
667
696
725
754
783
812
841
870
899
928
957
986
1015
1044
1073
1102
1131
1160
1189
1218
1247
1276
1305
1334
1363
1392
0
30
60
90
120
150
180
210
240
270
300
330
360
390
420
450
480
510
540
570
600
630
660
690
720
750
780
810
840
870
900
930
960
990
1020
1050
1080
1110
1140
1170
1200
1230
1260
1290
1320
1350
1380
1410
1440
0
31
62
93
124
155
186
217
248
279
310
341
372
403
434
465
496
527
558
589
620
651
682
713
744
775
806
837
868
899
930
961
992
1023
1054
1085
1116
1147
1178
1209
1240
1271
1302
1333
1364
1395
1426
1457
1488
0
32
64
96
128
160
192
224
256
288
320
352
384
416
448
480
512
544
576
608
640
672
704
736
768
800
832
864
896
928
960
992
1024
1056
1088
1120
1152
1184
1216
1248
1280
1312
1344
1376
1408
1440
1472
1504
1536
0
33
66
99
132
165
198
231
264
297
330
363
396
429
462
495
528
561
594
627
660
693
726
759
792
825
858
891
924
957
990
1023
1056
1089
1122
1155
1188
1221
1254
1287
1320
1353
1386
1419
1452
1485
1518
1551
1584
0
34
68
102
136
170
204
238
272
306
340
374
408
442
476
510
544
578
612
646
680
714
748
782
816
850
884
918
952
986
1020
1054
1088
1122
1156
1190
1224
1258
1292
1326
1360
1394
1428
1462
1496
1530
1564
1598
1632
0
35
70
105
140
175
210
245
280
315
350
385
420
455
490
525
560
595
630
665
700
735
770
805
840
875
910
945
980
1015
1050
1085
1120
1155
1190
1225
1260
1295
1330
1365
1400
1435
1470
1505
1540
1575
1610
1645
1680
0
36
72
108
144
180
216
252
288
324
360
396
432
468
504
540
576
612
648
684
720
756
792
828
864
900
936
972
1008
1044
1080
1116
1152
1188
1224
1260
1296
1332
1368
1404
1440
1476
1512
1548
1584
1620
1656
1692
1728
0
37
74
111
148
185
222
259
296
333
370
407
444
481
518
555
592
629
666
703
740
777
814
851
888
925
962
999
1036
1073
1110
1147
1184
1221
1258
1295
1332
1369
1406
1443
1480
1517
1554
1591
1628
1665
1702
1739
1776
0
38
76
114
152
190
228
266
304
342
380
418
456
494
532
570
608
646
684
722
760
798
836
874
912
950
988
1026
1064
1102
1140
1178
1216
1254
1292
1330
1368
1406
1444
1482
1520
1558
1596
1634
1672
1710
1748
1786
1824
0
39
78
117
156
195
234
273
312
351
390
429
468
507
546
585
624
663
702
741
780
819
858
897
936
975
1014
1053
1092
1131
1170
1209
1248
1287
1326
1365
1404
1443
1482
1521
1560
1599
1638
1677
1716
1755
1794
1833
1872
0
40
80
120
160
200
240
280
320
360
400
440
480
520
560
600
640
680
720
760
800
840
880
920
960
1000
1040
1080
1120
1160
1200
1240
1280
1320
1360
1400
1440
1480
1520
1560
1600
1640
1680
1720
1760
1800
1840
1880
1920
0
41
82
123
164
205
246
287
328
369
410
451
492
533
574
615
656
697
738
779
820
861
902
943
984
1025
1066
1107
1148
1189
1230
1271
1312
1353
1394
1435
1476
1517
1558
1599
1640
1681
1722
1763
1804
1845
1886
1927
1968
0
42
84
126
168
210
252
294
336
378
420
462
504
546
588
630
672
714
756
798
840
882
924
966
1008
1050
1092
1134
1176
1218
1260
1302
1344
1386
1428
1470
1512
1554
1596
1638
1680
1722
1764
1806
1848
1890
1932
1974
2016
0
43
86
129
172
215
258
301
344
387
430
473
516
559
602
645
688
731
774
817
860
903
946
989
1032
1075
1118
1161
1204
1247
1290
1333
1376
1419
1462
1505
1548
1591
1634
1677
1720
1763
1806
1849
1892
1935
1978
2021
2064
0
44
88
132
176
220
264
308
352
396
440
484
528
572
616
660
704
748
792
836
880
924
968
1012
1056
1100
1144
1188
1232
1276
1320
1364
1408
1452
1496
1540
1584
1628
1672
1716
1760
1804
1848
1892
1936
1980
2024
2068
2112
0
45
90
135
180
225
270
315
360
405
450
495
540
585
630
675
720
765
810
855
900
945
990
1035
1080
1125
1170
1215
1260
1305
1350
1395
1440
1485
1530
1575
1620
1665
1710
1755
1800
1845
1890
1935
1980
2025
2070
2115
2160
0
46
92
138
184
230
276
322
368
414
460
506
552
598
644
690
736
782
828
874
920
966
1012
1058
1104
1150
1196
1242
1288
1334
1380
1426
1472
1518
1564
1610
1656
1702
1748
1794
1840
1886
1932
1978
2024
2070
2116
2162
2208
0
47
94
141
188
235
282
329
376
423
470
517
564
611
658
705
752
799
846
893
940
987
1034
1081
1128
1175
1222
1269
1316
1363
1410
1457
1504
1551
1598
1645
1692
1739
1786
1833
1880
1927
1974
2021
2068
2115
2162
2209
2256
0
48
96
144
192
240
288
336
384
432
480
528
576
624
672
720
768
816
864
912
960
1008
1056
1104
1152
1200
1248
1296
1344
1392
1440
1488
1536
1584
1632
1680
1728
1776
1824
1872
1920
1968
2016
2064
2112
2160
2208
2256
2304
2401
0.993298
0.997589
0.996403
0.99764
1.00127
1.00008
0.991746
0.995167
0.995902
0.99571
0.995088
0.994803
0.99362
0.993823
0.994582
0.993764
0.991036
0.995053
0.993981
0.992719
0.989138
0.991717
0.993235
0.993383
0.993926
0.993063
0.990561
0.990682
0.990024
0.990033
0.990301
0.990147
0.989413
0.989751
0.990995
0.990993
0.991139
0.991273
0.991604
0.991392
0.99064
0.990614
0.989995
0.990441
0.99262
0.992288
0.991399
0.991399
0.994139
0.994097
0.996509
0.984089
0.991378
1.42785e-321
0.991378
0.989498
0.991691
0.985281
0.991691
1.60003e-316
0.99076
1.11165e-321
0.99076
0.986265
0.992006
0.989373
0.992006
1.60004e-316
0.99035
0.987821
0.99035
1.60004e-316
0.99035
6.37345e-322
0.99035
0.987912
0.989837
0.993065
0.989837
1.60004e-316
0.989529
0.985811
0.990248
1.60004e-316
0.990351
0.989391
0.990351
0.987286
0.992096
4.74303e-322
0.992096
0.991388
0.991895
0.988217
0.993031
0.991897
0.995296
1.59932e-316
0.993248
0.988558
0.984893
7.17037e-320
0.989214
1.60003e-316
0.982878
0.98908
1.59933e-316
1.60005e-316
0.989681
1.42785e-321
0.988445
0.989356
0.98594
1.26975e-321
0.987718
0.989729
0.986135
0.987445
1.59933e-316
0.99178
0.987652
0.992448
1.59933e-316
0.988126
0.986559
0.987929
0.98903
1.60006e-316
0.986082
0.989198
0.988528
1.60006e-316
0.989901
0.990175
1.59933e-316
0.989348
0.991103
3.21143e-322
0.987178
1.60007e-316
0.990971
0.987398
1.59933e-316
0.992904
0.98813
0.989372
1.60005e-316
0.989005
0.991094
1.59934e-316
0.990768
1.59934e-316
0.991228
0.991088
0.988881
0.990687
0.990992
6.94903e-320
1.59051e-316
1.60005e-316
0.990951
0.988943
0.993483
1.60008e-316
0.991251
0.988739
1.59935e-316
1.60008e-316
0.992242
0.989537
0.989602
0.992013
0.991658
1.11165e-321
0.992912
0.989723
0.988834
9.53547e-322
1.59935e-316
1.60008e-316
0.989043
7.95446e-322
0.992635
1.60008e-316
0.990244
0.988302
0.990915
0.993232
0.989903
0.992635
0.98982
1.60009e-316
0.988804
3.21143e-322
1.59935e-316
0.989397
0.990049
1.63042e-322
0.990479
1.60009e-316
0.987842
4.74303e-322
1.60007e-316
0.990049
0.991677
0.988309
1.59936e-316
0.989968
0.990393
0.993003
0.989978
1.59937e-316
1.59937e-316
6.72769e-320
1.59051e-316
0.991288
0.990109
0.988021
1.59938e-316
1.6001e-316
0.990507
0.990793
0.990484
1.6001e-316
0.990293
0.991037
1.59938e-316
1.6001e-316
0.989544
1.11165e-321
0.99283
0.990975
0.99121
9.53547e-322
0.989474
0.991919
0
7.95446e-322
0.990936
1.60011e-316
0.989083
6.37345e-322
0.992317
0.990537
0
0.990782
0.990221
0.990629
0.990672
3.21143e-322
0.989917
1.60011e-316
0.9918
0.992317
1.59938e-316
0.993356
0.992017
4.74303e-322
0.992994
0.990713
0.991503
0.99066
1.59938e-316
1.59938e-316
0.991861
1.59939e-316
0.990213
1.59939e-316
1.59939e-316
6.50635e-320
0.992275
1.6001e-316
0.990626
0.990413
1.5994e-316
0.990815
0.993031
1.42785e-321
1.5994e-316
0.990888
0.991294
1.26975e-321
0.991995
1.60012e-316
0
0.993199
0.992512
0.991293
0.99138
0.992424
0.989507
1.60013e-316
0
7.95446e-322
0.99074
1.60013e-316
0.992161
0.991977
1.5994e-316
0.990855
0.991449
0.99123
1.5994e-316
1.60013e-316
0.991761
3.21143e-322
0.98978
1.60013e-316
0.991546
1.63042e-322
0.991449
1.60013e-316
0.991761
4.74303e-322
1.60011e-316
0.992082
1.5994e-316
1.5994e-316
1.59941e-316
0.992111
0.991875
1.59941e-316
0.993335
0.992718
0.991208
0.990575
1.59051e-316
1.60012e-316
0.991646
0.992164
0.993435
1.60014e-316
0
0.991085
1.59942e-316
1.60014e-316
0.991273
1.26975e-321
0.990717
1.60015e-316
0.991905
0.99195
0.990584
1.60015e-316
0.991077
0.993615
1.59942e-316
1.60015e-316
0.993187
7.95446e-322
0.991905
0.990546
0.991532
6.37345e-322
1.59942e-316
1.60015e-316
0
0.993513
1.59942e-316
1.60015e-316
0.991532
0.995228
1.59942e-316
0.992655
0.991106
1.63042e-322
1.59942e-316
1.60016e-316
0.992215
0.990081
0.990465
1.59942e-316
0.992558
1.59943e-316
0.991844
0.992781
0.990965
0.990791
0.990652
1.59944e-316
0.990412
6.06367e-320
1.59051e-316
1.60014e-316
0.991589
0.991928
1.59944e-316
0.989989
0
1.42785e-321
0.990412
0.994442
0.989551
1.26975e-321
1.59944e-316
1.60017e-316
0.99041
1.11165e-321
1.59944e-316
0.996585
0.99041
9.53547e-322
1.59944e-316
0.989893
0
0.990973
0.989551
0.992021
0.993081
6.37345e-322
0.990237
1.60017e-316
0
4.79244e-322
0.991474
1.60018e-316
0.990674
3.21143e-322
0.991585
1.60018e-316
0.996249
1.63042e-322
1.59944e-316
0.99096
1.73911e-321
0.994573
1.60016e-316
1.59944e-316
1.59945e-316
0.991692
0.991164
1.59945e-316
0.990808
1.59945e-316
0.989509
0.992633
1.59946e-316
0.996572
1.59051e-316
1.60016e-316
0.992346
0.990184
0.989351
1.60019e-316
0.993917
1.42785e-321
1.59946e-316
1.60019e-316
0.990062
1.26975e-321
0.992093
0.991054
0
1.11165e-321
1.59946e-316
0.989803
0.993417
9.53547e-322
1.59946e-316
0.99289
0.992293
7.95446e-322
0.991379
1.60019e-316
0.991494
0.991976
1.59946e-316
1.6002e-316
0.993339
4.79244e-322
0.992329
1.6002e-316
0
0.991379
1.59946e-316
0.996072
0.989041
1.63042e-322
1.59946e-316
1.6002e-316
0.992799
0.990999
1.60018e-316
0.990128
0.991977
1.59947e-316
0.99251
1.59947e-316
1.59947e-316
1.59948e-316
0.989041
1.59948e-316
0.993175
0.993368
0.990102
0.991792
0.991626
0
1.59949e-316
1.60021e-316
0.994243
1.42785e-321
1.59949e-316
1.60021e-316
0.994252
1.26975e-321
0.991067
0.990404
0
1.11165e-321
0.991335
1.60021e-316
0.992442
0.995905
1.59949e-316
1.60021e-316
0.993978
0.991417
0.990571
1.60022e-316
0.991475
6.37345e-322
0.992477
1.60022e-316
0
0.991514
1.59949e-316
0.992416
0.993118
0.993475
1.59949e-316
1.60022e-316
0.990102
0.991521
1.59949e-316
1.60022e-316
1.73911e-321
4.74303e-322
1.6002e-316
1.59949e-316
0.992828
1.59949e-316
1.59949e-316
1.5995e-316
0.992825
1.5995e-316
0.99161
1.5995e-316
1.5995e-316
5.39964e-320
0.9913
0.995526
0.992307
0
1.59951e-316
0.992373
0
1.42785e-321
0.992608
0.991093
0.991671
0.991022
1.59951e-316
1.60023e-316
0.992208
1.11165e-321
1.59951e-316
0.990277
0
9.53547e-322
0.992538
1.60024e-316
0.989581
7.95446e-322
0.991671
0.993916
0.992003
6.37345e-322
0.991873
1.60024e-316
0.99376
4.79244e-322
1.59951e-316
1.60024e-316
0
0.989828
1.59951e-316
1.60024e-316
0.99128
0.996639
1.59951e-316
1.60024e-316
0.992707
4.74303e-322
0.992279
0.991569
1.59951e-316
1.59951e-316
0.990703
1.59952e-316
0.992395
1.59952e-316
0.991162
1.59952e-316
1.59953e-316
5.1783e-320
1.59051e-316
1.60023e-316
0.992727
0.990301
1.59953e-316
0.990636
0.990571
1.42785e-321
1.59953e-316
0.992386
0.990062
1.26975e-321
1.59953e-316
1.60026e-316
0.994574
0.993579
1.59953e-316
1.60026e-316
0.990505
0.989906
1.59953e-316
0.997485
0
0.990783
0.990062
1.60026e-316
0
6.37345e-322
1.59953e-316
1.60026e-316
0
4.79244e-322
0.990749
1.60026e-316
0.992146
3.21143e-322
1.59953e-316
1.60027e-316
0.991003
0.992292
0.991765
1.60027e-316
0.991956
4.74303e-322
0.989969
0.990581
1.59953e-316
1.59954e-316
1.59954e-316
1.59954e-316
0.992046
1.59954e-316
0.991003
1.59955e-316
0.991917
4.95696e-320
1.59051e-316
0.991561
0
0.997209
0.991956
0.992794
0
1.42785e-321
1.59955e-316
1.60028e-316
0.991319
1.26975e-321
1.59955e-316
0.992003
0.990594
1.11165e-321
1.59955e-316
1.60028e-316
0.990831
9.53547e-322
0.991129
1.60028e-316
0.99212
7.95446e-322
1.59955e-316
1.60028e-316
0.991651
6.37345e-322
0.992411
1.60028e-316
0
0.99072
1.59955e-316
1.60029e-316
0.991979
0.99099
1.59955e-316
1.60029e-316
0.994605
1.63042e-322
0.99212
0.997069
0.99161
0.992706
1.60027e-316
1.59956e-316
1.59956e-316
1.59956e-316
1.59956e-316
1.59956e-316
1.59956e-316
0.993252
0.991697
1.59957e-316
1.59957e-316
4.73562e-320
1.59051e-316
1.60027e-316
0.99267
0
0.996025
1.6003e-316
0
0.989618
0.991322
1.6003e-316
0.989714
0.995241
1.59958e-316
0.991709
0
1.11165e-321
1.59958e-316
0.990621
0.992641
9.53547e-322
0.992087
1.6003e-316
0.994665
0.995733
1.59958e-316
1.6003e-316
0.992135
6.37345e-322
1.59958e-316
1.60031e-316
0.991665
4.79244e-322
0.989872
1.60031e-316
0.992758
3.21143e-322
0.989722
1.60031e-316
0.992348
1.63042e-322
1.59958e-316
0.993681
0.994805
4.74303e-322
1.60029e-316
1.59958e-316
1.59958e-316
0.991672
1.59958e-316
1.59958e-316
0.992202
1.59959e-316
0.991219
1.59959e-316
1.59959e-316
4.51428e-320
0.992348
0.989872
0
0.99071
1.5996e-316
0.995001
0.994665
1.42785e-321
0.991968
0.99469
0.993671
1.26975e-321
1.5996e-316
1.60032e-316
0
1.11165e-321
1.5996e-316
1.60032e-316
0.991827
9.53547e-322
1.5996e-316
1.60033e-316
0
7.95446e-322
0.995808
0.991929
0.993307
6.37345e-322
1.5996e-316
1.60033e-316
0
0.99354
0.989603
1.60033e-316
0
3.21143e-322
0.992673
1.60033e-316
0.993435
1.63042e-322
0.991404
1.60033e-316
0.991225
0.99575
1.60031e-316
0.990414
0.993307
1.5996e-316
1.5996e-316
1.59961e-316
1.59961e-316
0.988913
1.59961e-316
1.59961e-316
0.992152
4.29294e-320
1.59051e-316
1.60032e-316
0.989233
0
1.59962e-316
1.60034e-316
0.995692
0.993845
1.59962e-316
1.60034e-316
0.994033
0.991101
1.59962e-316
1.60034e-316
0
1.11165e-321
0.992152
1.60035e-316
0
9.53547e-322
0.990347
0.994246
0
7.95446e-322
1.59962e-316
0.996505
0
6.37345e-322
0.990659
1.60035e-316
0.994033
0.989833
1.59962e-316
1.60035e-316
0.991762
3.21143e-322
1.59962e-316
1.60035e-316
0.992535
1.63042e-322
0.990217
1.60036e-316
1.73911e-321
4.74303e-322
0.995804
0.990347
1.59962e-316
1.59962e-316
1.59963e-316
1.59963e-316
0.994364
1.59963e-316
0.990126
1.59963e-316
0.989748
4.07159e-320
1.59051e-316
1.60034e-316
0.992706
0
1.59964e-316
0.99379
0
0.995747
1.59964e-316
1.60036e-316
0.992436
0.993582
1.59964e-316
0.990527
0.994364
1.11165e-321
0.990396
0.990281
0
9.53547e-322
1.59964e-316
1.60037e-316
0
7.95446e-322
0.989774
1.60037e-316
0.995571
6.37345e-322
1.59964e-316
1.60037e-316
0
4.79244e-322
0.994397
1.60037e-316
0.994304
3.21143e-322
1.59964e-316
1.60038e-316
0.990873
0.989819
1.59964e-316
1.60038e-316
0.991493
4.74303e-322
0.992216
1.59964e-316
1.59965e-316
1.59965e-316
1.59965e-316
1.59965e-316
0.993355
1.59965e-316
1.59965e-316
1.59966e-316
0.994394
3.85025e-320
1.59051e-316
0.992918
0
0.990732
0.991023
1.60039e-316
0
1.42785e-321
0.99105
1.60039e-316
0.992955
1.26975e-321
1.59966e-316
1.60039e-316
0
0.991331
1.59966e-316
1.60039e-316
0.994092
0.994149
0.990041
1.60039e-316
0
7.95446e-322
0.990411
1.60039e-316
0.99099
6.37345e-322
1.59966e-316
1.60039e-316
0.994402
4.79244e-322
1.59966e-316
0.99105
0
3.21143e-322
1.59966e-316
1.6004e-316
0.992629
1.63042e-322
1.59966e-316
1.6004e-316
0.992031
4.74303e-322
0.990861
0.990243
0.990308
0.993791
0.99107
1.59967e-316
0.99377
1.59968e-316
1.59968e-316
1.59968e-316
1.59968e-316
3.62891e-320
1.59051e-316
0.994733
0.989921
0
1.59969e-316
1.60041e-316
0
1.42785e-321
1.59969e-316
1.60041e-316
0.99073
1.26975e-321
1.59969e-316
1.60041e-316
0.991378
1.11165e-321
0.990222
0.990709
0
9.53547e-322
1.59969e-316
1.60041e-316
0.992603
7.95446e-322
1.59969e-316
0.99377
0.991021
0.989896
0.995011
1.60042e-316
0
4.79244e-322
1.59969e-316
1.60042e-316
0.992316
3.21143e-322
0.991199
0.993759
0.992946
1.63042e-322
1.59969e-316
1.60042e-316
0.989939
4.74303e-322
1.6004e-316
1.59969e-316
0.992006
1.59969e-316
1.59969e-316
1.59969e-316
1.5997e-316
1.5997e-316
0.990247
1.5997e-316
1.5997e-316
0.994981
0.994313
1.60041e-316
0.990512
0
0.993742
1.60043e-316
0
1.42785e-321
1.59971e-316
1.60043e-316
0.992673
1.26975e-321
0.989892
1.60043e-316
0
1.11165e-321
1.59971e-316
1.60043e-316
0
0.991929
1.59971e-316
0.990247
0
7.95446e-322
1.59971e-316
1.60044e-316
0.993065
0.993747
1.59971e-316
1.60044e-316
0
0.994313
1.59971e-316
1.60044e-316
0.991061
0.992286
1.59971e-316
1.60044e-316
0.990184
1.63042e-322
1.59971e-316
1.60044e-316
1.73911e-321
4.74303e-322
1.60042e-316
1.59971e-316
0.990935
1.59971e-316
0.990125
1.59972e-316
0.99361
1.59972e-316
1.59972e-316
0.994872
1.59972e-316
3.18623e-320
0.992576
1.60043e-316
0
0
1.59973e-316
1.60045e-316
0.993514
1.42785e-321
0.990182
1.60045e-316
0.9929
1.26975e-321
0.992346
1.60045e-316
0
0.990974
1.59973e-316
1.60046e-316
0.993198
9.53547e-322
1.59973e-316
0.990503
0
7.95446e-322
0.994366
1.60046e-316
0
6.37345e-322
1.59973e-316
1.60046e-316
0.992064
4.79244e-322
1.59973e-316
1.60046e-316
0.989995
3.21143e-322
1.59973e-316
0.993493
0.993451
1.63042e-322
0.990824
1.60047e-316
0.993095
4.74303e-322
1.60045e-316
0.992346
0.993534
1.59974e-316
1.59974e-316
1.59974e-316
0.991405
0.994497
1.59974e-316
1.59975e-316
1.59975e-316
2.96489e-320
1.59051e-316
1.60045e-316
0
0
0.990066
1.60047e-316
0
1.42785e-321
1.59975e-316
0.990724
0.992649
1.26975e-321
0.993512
1.60048e-316
0
1.11165e-321
1.59975e-316
1.60048e-316
0.991041
9.53547e-322
1.59975e-316
1.60048e-316
0.994351
0.99109
0.993534
1.60048e-316
0
6.37345e-322
1.59975e-316
1.60048e-316
0.990311
4.79244e-322
1.59975e-316
1.60048e-316
0.990974
3.21143e-322
1.59975e-316
1.60049e-316
0.992809
1.63042e-322
1.59975e-316
1.60049e-316
1.73911e-321
0.993576
1.60047e-316
1.59975e-316
1.59976e-316
1.59976e-316
1.59976e-316
0.994329
0.991205
1.59976e-316
0.99182
1.59977e-316
1.59977e-316
0.992146
0.990262
1.60047e-316
0.993398
0.992863
1.59977e-316
1.6005e-316
0
1.42785e-321
0.992262
1.6005e-316
0.993105
1.26975e-321
1.59977e-316
1.6005e-316
0
1.11165e-321
1.59977e-316
1.6005e-316
0.994101
9.53547e-322
0.994595
1.6005e-316
0
7.95446e-322
1.59977e-316
0.991293
0.990073
6.37345e-322
1.59977e-316
1.60051e-316
0
4.79244e-322
0.992266
1.60051e-316
0
3.21143e-322
0.993398
1.60051e-316
0.993105
1.63042e-322
1.59977e-316
1.60051e-316
1.73911e-321
4.74303e-322
1.60049e-316
1.59978e-316
1.59978e-316
0.994531
1.59978e-316
0.994084
1.59978e-316
1.59979e-316
1.59979e-316
1.59979e-316
0.991284
2.52221e-320
1.59051e-316
1.6005e-316
0.991495
0
1.5998e-316
1.60052e-316
0
1.42785e-321
1.5998e-316
0.992266
0.992972
1.26975e-321
0.992459
1.60052e-316
0.993417
1.11165e-321
1.5998e-316
0.992768
0.994249
9.53547e-322
1.5998e-316
1.60052e-316
0
7.95446e-322
0.993494
1.60053e-316
0
0.991192
1.5998e-316
1.60053e-316
0
4.79244e-322
1.5998e-316
1.60053e-316
0.991515
3.21143e-322
1.5998e-316
1.60053e-316
0.992972
1.63042e-322
1.5998e-316
1.60053e-316
0.992942
4.74303e-322
1.60051e-316
1.5998e-316
1.5998e-316
1.5998e-316
0.993417
1.59981e-316
1.59981e-316
1.59981e-316
0.992768
1.59981e-316
0.991758
0.993494
0.990856
1.60052e-316
0
0
1.59982e-316
1.60054e-316
0
1.42785e-321
1.59982e-316
1.60054e-316
0.992673
1.26975e-321
1.59982e-316
1.60054e-316
0
1.11165e-321
0.992953
1.60055e-316
0
0.992526
1.59982e-316
1.60055e-316
0
7.95446e-322
1.59982e-316
1.60055e-316
0.992442
6.37345e-322
1.59982e-316
0.991004
0.993566
0.992768
1.59982e-316
1.60055e-316
0.991442
0.990563
1.59982e-316
1.60055e-316
0
1.63042e-322
1.59982e-316
1.60055e-316
0.991409
4.74303e-322
1.60054e-316
1.59982e-316
0.992883
1.59982e-316
1.59983e-316
1.59983e-316
1.59983e-316
1.59983e-316
0.992206
1.59983e-316
1.59984e-316
2.07952e-320
1.59051e-316
1.60054e-316
0.99174
0
0.992656
0.993638
0
1.42785e-321
1.59984e-316
1.60056e-316
0.992616
1.26975e-321
1.59984e-316
1.60057e-316
0.991442
1.11165e-321
0.990199
1.60057e-316
0.991759
9.53547e-322
0.992809
1.60057e-316
0
7.95446e-322
1.59984e-316
1.60057e-316
0
6.37345e-322
1.59984e-316
0.992206
0
4.79244e-322
1.59984e-316
1.60057e-316
0
3.21143e-322
0.993808
1.60058e-316
0.992618
1.63042e-322
1.59984e-316
1.60058e-316
1.73911e-321
4.74303e-322
1.60056e-316
0.992711
1.59984e-316
1.59985e-316
1.59985e-316
1.59985e-316
0.992679
1.59985e-316
1.59985e-316
0.990199
0.991083
1.85818e-320
1.59051e-316
1.60056e-316
0
0
1.59986e-316
1.60058e-316
0.992406
1.42785e-321
1.59986e-316
1.60059e-316
0
0.993808
1.59986e-316
1.60059e-316
0
1.11165e-321
0.992618
1.60059e-316
0
9.53547e-322
1.59986e-316
1.60059e-316
0
7.95446e-322
0.992692
1.60059e-316
0.991739
6.37345e-322
1.59986e-316
1.60059e-316
0.99187
4.79244e-322
1.59986e-316
1.6006e-316
0.990244
3.21143e-322
0.990854
1.6006e-316
0
0.992406
1.59986e-316
1.6006e-316
0.99331
4.74303e-322
1.60058e-316
1.59987e-316
1.59987e-316
1.59987e-316
1.59987e-316
1.59987e-316
0.99254
1.59987e-316
1.59988e-316
1.59988e-316
1.59988e-316
1.63684e-320
1.59051e-316
1.60058e-316
0.991739
0.992692
1.59988e-316
1.60061e-316
0
1.42785e-321
1.59988e-316
1.60061e-316
0.991684
1.26975e-321
1.59988e-316
1.60061e-316
0
0.990617
0.992526
1.60061e-316
0.990784
0.992258
1.59988e-316
1.60061e-316
0
7.95446e-322
1.59988e-316
1.60061e-316
0
6.37345e-322
0.99254
1.60062e-316
0
4.79244e-322
1.59988e-316
1.60062e-316
0.991821
3.21143e-322
1.59988e-316
1.60062e-316
0.992825
1.63042e-322
1.59988e-316
1.60062e-316
1.73911e-321
4.74303e-322
1.6006e-316
1.59989e-316
0.991684
1.59989e-316
1.59989e-316
0.992526
1.5999e-316
1.5999e-316
0.990508
1.5999e-316
1.5999e-316
1.4155e-320
0.990819
1.60061e-316
0.992155
0
1.59991e-316
1.60063e-316
0.992637
1.42785e-321
1.59991e-316
1.60063e-316
0
1.26975e-321
1.59991e-316
1.60063e-316
0
1.11165e-321
1.59991e-316
0.992825
0
9.53547e-322
1.59991e-316
1.60064e-316
0
7.95446e-322
1.59991e-316
1.60064e-316
0.992466
6.37345e-322
1.59991e-316
1.60064e-316
0
4.79244e-322
1.59991e-316
0.989177
0
3.21143e-322
1.59991e-316
1.60064e-316
0.991065
1.63042e-322
0.992637
0.992155
0.991202
4.74303e-322
1.60062e-316
1.59991e-316
1.59991e-316
1.59991e-316
1.59991e-316
1.59992e-316
1.59992e-316
1.59992e-316
0.992958
1.59992e-316
1.59992e-316
1.19416e-320
1.59051e-316
1.60063e-316
0
0
1.59993e-316
1.60065e-316
0.992167
1.42785e-321
1.59993e-316
1.60065e-316
0
1.26975e-321
1.59993e-316
1.60065e-316
0.990708
1.11165e-321
1.59993e-316
1.60066e-316
0.99254
9.53547e-322
0.991065
1.60066e-316
0
7.95446e-322
0.99243
1.60066e-316
0.991202
6.37345e-322
1.59993e-316
1.60066e-316
0
0.992958
1.59993e-316
1.60066e-316
0
3.21143e-322
1.59993e-316
1.60066e-316
0
1.63042e-322
1.59993e-316
1.60067e-316
0.992045
4.74303e-322
1.60065e-316
1.59993e-316
1.59993e-316
1.59993e-316
1.59994e-316
1.59994e-316
1.59994e-316
0.990981
1.59994e-316
1.59994e-316
1.59995e-316
9.72815e-321
1.59051e-316
1.60065e-316
0.991154
0
1.59995e-316
1.60067e-316
0
0.99243
1.59995e-316
1.60067e-316
0.992806
0.992155
1.59995e-316
1.60068e-316
0
1.11165e-321
1.59995e-316
1.60068e-316
0
9.53547e-322
1.59995e-316
1.60068e-316
0.992068
7.95446e-322
1.59995e-316
1.60068e-316
0
6.37345e-322
1.59995e-316
1.60068e-316
0
4.79244e-322
0.990944
1.60068e-316
0
3.21143e-322
1.59995e-316
1.60069e-316
0
1.63042e-322
0.991067
1.60069e-316
1.73911e-321
4.74303e-322
1.60067e-316
1.59995e-316
0.992673
1.59996e-316
1.59996e-316
1.59996e-316
0.991458
1.59996e-316
0.992123
1.59997e-316
1.59997e-316
7.51474e-321
1.59051e-316
1.60067e-316
0.991857
0
1.59997e-316
1.6007e-316
0
1.42785e-321
1.59997e-316
1.6007e-316
0
1.26975e-321
1.59997e-316
0.990944
0
1.11165e-321
1.59997e-316
1.6007e-316
0
9.53547e-322
1.59997e-316
1.6007e-316
0.991263
7.95446e-322
1.59997e-316
1.6007e-316
0
6.37345e-322
1.59997e-316
0.992535
0
4.79244e-322
1.59997e-316
1.60071e-316
0.991627
3.21143e-322
1.59997e-316
0.992123
0.994187
1.63042e-322
1.59997e-316
1.60071e-316
1.73911e-321
4.74303e-322
1.60069e-316
1.59998e-316
1.59998e-316
1.59998e-316
1.59998e-316
1.59998e-316
0.990508
1.59999e-316
1.59999e-316
1.59999e-316
1.59999e-316
5.30132e-321
1.59051e-316
1.6007e-316
0
0
0.991263
1.60072e-316
0
1.42785e-321
1.6e-316
1.60072e-316
0
1.26975e-321
0.992554
1.60072e-316
0
1.11165e-321
1.6e-316
1.60072e-316
0.991627
9.53547e-322
1.6e-316
1.60072e-316
0.992189
7.95446e-322
0.994187
1.60073e-316
0
6.37345e-322
1.6e-316
1.60073e-316
0
4.79244e-322
1.6e-316
1.60073e-316
0
3.21143e-322
1.6e-316
1.60073e-316
0
1.63042e-322
1.6e-316
1.60073e-316
0.990784
4.74303e-322
1.60071e-316
1.6e-316
1.6e-316
1.6e-316
1.6e-316
1.6e-316
1.60001e-316
0.992554
1.60001e-316
1.60001e-316
1.60001e-316
3.08791e-321
1.59049e-316
1.6007e-316
0.991627
2.92981e-321
1.59055e-316
1.60074e-316
0
0.992189
1.59055e-316
1.60074e-316
0.994187
0.99306
1.59055e-316
1.60074e-316
0
2.45551e-321
1.59055e-316
1.60074e-316
0
2.29741e-321
1.59055e-316
1.60075e-316
0
2.1393e-321
1.59055e-316
1.60075e-316
0
1.9812e-321
1.59055e-316
1.60075e-316
0
1.8231e-321
1.59055e-316
1.60075e-316
0.992086
1.665e-321
1.59055e-316
1.60075e-316
0
1.5069e-321
1.59055e-316
1.60075e-316
0.991627
1.3488e-321
1.59927e-316
1.59925e-316
1.60007e-316
1.60009e-316
0.992156
1.60014e-316
1.60016e-316
1.60018e-316
0.994138
1.60023e-316
0.99306
1.60027e-316
1.60029e-316
1.60031e-316
1.60034e-316
1.60036e-316
1.60038e-316
1.6004e-316
1.60043e-316
1.60045e-316
1.60047e-316
1.60049e-316
1.60051e-316
1.60054e-316
1.60056e-316
1.60058e-316
1.6006e-316
1.60062e-316
1.60065e-316
1.60067e-316
1.60069e-316
1.60071e-316
7.39122e-320
4.74303e-322
1.59928e-316
1.60003e-316
1.60004e-316
1.60004e-316
0.991339
1.60004e-316
1.60004e-316
1.60004e-316
1.60004e-316
1.60005e-316
1.60005e-316
0.992156
1.59051e-316
6.9399e-310
0
0
0.993974
1.59929e-316
0
0.993035
0.991046
1.59929e-316
0
1.26975e-321
1.59931e-316
1.59929e-316
0
1.11165e-321
1.59931e-316
1.59929e-316
0
9.53547e-322
1.59931e-316
1.5993e-316
0
7.95446e-322
1.59931e-316
1.5993e-316
0
6.37345e-322
1.59931e-316
1.5993e-316
0
4.79244e-322
1.59931e-316
1.5993e-316
0
3.21143e-322
1.59931e-316
1.5993e-316
0
1.63042e-322
0.991393
1.5993e-316
1.73911e-321
4.74303e-322
1.5993e-316
1.60006e-316
0.993868
1.60006e-316
1.60006e-316
1.60006e-316
0.992908
1.60007e-316
0.991078
1.60007e-316
1.60007e-316
7.07551e-320
1.59051e-316
1.59931e-316
0
0
1.59933e-316
1.59931e-316
0
1.42785e-321
1.59933e-316
1.59931e-316
0
1.26975e-321
1.59933e-316
1.59931e-316
0
1.11165e-321
1.59933e-316
1.59932e-316
0
9.53547e-322
1.59933e-316
1.59932e-316
0
7.95446e-322
1.59933e-316
1.59932e-316
0
6.37345e-322
1.59933e-316
1.59932e-316
0
4.79244e-322
0.993563
1.59932e-316
0
3.21143e-322
1.59933e-316
0.992905
0
1.63042e-322
0.99122
0.99284
1.73911e-321
4.74303e-322
1.59933e-316
1.60008e-316
1.60008e-316
1.60008e-316
1.60008e-316
1.60008e-316
1.60009e-316
1.60009e-316
1.60009e-316
1.60009e-316
1.60009e-316
6.85417e-320
1.59051e-316
1.59933e-316
0
0
1.59935e-316
1.59933e-316
0
1.42785e-321
1.59935e-316
1.59933e-316
0
1.26975e-321
1.59935e-316
1.59934e-316
0
1.11165e-321
1.59935e-316
1.59934e-316
0
9.53547e-322
1.59935e-316
1.59934e-316
0
7.95446e-322
0.992962
1.59934e-316
0
6.37345e-322
0.991189
1.59934e-316
0.992926
4.79244e-322
1.59935e-316
1.59934e-316
0
3.21143e-322
1.59935e-316
1.59935e-316
0
1.63042e-322
1.59935e-316
1.59935e-316
1.73911e-321
4.74303e-322
1.59935e-316
1.6001e-316
1.6001e-316
1.6001e-316
1.6001e-316
1.60011e-316
1.60011e-316
1.60011e-316
1.60011e-316
1.60011e-316
1.60011e-316
6.63283e-320
1.59051e-316
1.59935e-316
0
0
1.59938e-316
1.59936e-316
0
1.42785e-321
1.59938e-316
1.59936e-316
0
1.26975e-321
1.59938e-316
1.59936e-316
0
1.11165e-321
0.991046
1.59936e-316
0
0.99291
0.992572
1.59936e-316
0
7.95446e-322
1.59938e-316
1.59936e-316
0
6.37345e-322
1.59938e-316
1.59936e-316
0
4.79244e-322
1.59938e-316
1.59937e-316
0
3.21143e-322
1.59938e-316
1.59937e-316
0
1.63042e-322
1.59938e-316
1.59937e-316
1.73911e-321
4.74303e-322
1.59937e-316
1.60012e-316
1.60012e-316
1.60013e-316
1.60013e-316
1.60013e-316
1.60013e-316
1.60013e-316
1.60013e-316
1.60013e-316
1.60014e-316
6.41149e-320
1.59051e-316
1.59938e-316
0
0
1.5994e-316
1.59938e-316
0
1.42785e-321
0.992816
1.59938e-316
0.992572
1.26975e-321
1.5994e-316
1.59938e-316
0
1.11165e-321
1.5994e-316
1.59938e-316
0
9.53547e-322
1.5994e-316
1.59938e-316
0
7.95446e-322
1.5994e-316
1.59939e-316
0
6.37345e-322
1.5994e-316
1.59939e-316
0
4.79244e-322
1.5994e-316
1.59939e-316
0
3.21143e-322
1.5994e-316
1.59939e-316
0
1.63042e-322
1.5994e-316
1.59939e-316
1.73911e-321
4.74303e-322
1.59939e-316
1.60014e-316
1.60015e-316
1.60015e-316
1.60015e-316
1.60015e-316
1.60015e-316
1.60015e-316
1.60016e-316
1.60016e-316
1.60016e-316
6.19015e-320
0.992452
0.991136
0
0
1.59942e-316
1.5994e-316
0
1.42785e-321
1.59942e-316
1.5994e-316
0
1.26975e-321
1.59942e-316
1.5994e-316
0
1.11165e-321
1.59942e-316
1.5994e-316
0
9.53547e-322
1.59942e-316
1.59941e-316
0
7.95446e-322
1.59942e-316
1.59941e-316
0
6.37345e-322
1.59942e-316
1.59941e-316
0
4.79244e-322
1.59942e-316
1.59941e-316
0
3.21143e-322
1.59942e-316
1.59941e-316
0
1.63042e-322
1.59942e-316
1.59941e-316
1.73911e-321
4.74303e-322
1.59942e-316
1.60017e-316
1.60017e-316
1.60017e-316
0.991076
1.60017e-316
1.60017e-316
1.60018e-316
1.60018e-316
1.60018e-316
1.60018e-316
5.96881e-320
1.59051e-316
1.59942e-316
0
0
1.59944e-316
1.59942e-316
0
1.42785e-321
1.59944e-316
1.59942e-316
0
1.26975e-321
1.59944e-316
1.59942e-316
0
1.11165e-321
1.59944e-316
1.59943e-316
0
9.53547e-322
1.59944e-316
1.59943e-316
0
7.95446e-322
1.59944e-316
1.59943e-316
0
6.37345e-322
1.59944e-316
1.59943e-316
0
4.79244e-322
1.59944e-316
1.59943e-316
0
3.21143e-322
1.59944e-316
1.59943e-316
0
1.63042e-322
0.991264
1.59944e-316
1.73911e-321
4.74303e-322
1.59944e-316
1.60019e-316
1.60019e-316
1.60019e-316
1.60019e-316
1.60019e-316
1.6002e-316
1.6002e-316
1.6002e-316
1.6002e-316
1.6002e-316
5.74747e-320
1.59051e-316
1.59944e-316
0
0
1.59946e-316
1.59944e-316
0
1.42785e-321
1.59946e-316
1.59945e-316
0
1.26975e-321
1.59946e-316
1.59945e-316
0
1.11165e-321
1.59946e-316
1.59945e-316
0
9.53547e-322
1.59946e-316
1.59945e-316
0
7.95446e-322
1.59946e-316
1.59945e-316
0
6.37345e-322
1.59946e-316
1.59945e-316
0
4.79244e-322
1.59946e-316
1.59945e-316
0
3.21143e-322
1.59946e-316
1.59946e-316
0
1.63042e-322
1.59946e-316
1.59946e-316
1.73911e-321
4.74303e-322
1.59946e-316
1.60021e-316
1.60021e-316
1.60021e-316
1.60022e-316
1.60022e-316
1.60022e-316
1.60022e-316
1.60022e-316
1.60022e-316
1.60022e-316
5.52612e-320
1.59051e-316
1.59946e-316
0
0
1.59949e-316
1.59947e-316
0
1.42785e-321
1.59949e-316
1.59947e-316
0
1.26975e-321
1.59949e-316
1.59947e-316
0
1.11165e-321
1.59949e-316
1.59947e-316
0
9.53547e-322
1.59949e-316
1.59947e-316
0
7.95446e-322
1.59949e-316
3D: 0.308972 SSIM: 1 Total: 0.308972
0
0
0
0
0
0
0
0
0
0
0
0
0
0
0
0
0
0
0
0
0
0
0
0
0
0
0
0
0
0
0
0
0
0
0
0
0
0
0
0
0
0
0
0
0
0
0
0
0
0
1
2
3
4
5
6
7
8
9
10
11
12
13
14
15
16
17
18
19
20
21
22
23
24
25
26
27
28
29
30
31
32
33
34
35
36
37
38
39
40
41
42
43
44
45
46
47
48
0
2
4
6
8
10
12
14
16
18
20
22
24
26
28
30
32
34
36
38
40
42
44
46
48
50
52
54
56
58
60
62
64
66
68
70
72
74
76
78
80
82
84
86
88
90
92
94
96
0
3
6
9
12
15
18
21
24
27
30
33
36
39
42
45
48
51
54
57
60
63
66
69
72
75
78
81
84
87
90
93
96
99
102
105
108
111
114
117
120
123
126
129
132
135
138
141
144
0
4
8
12
16
20
24
28
32
36
40
44
48
52
56
60
64
68
72
76
80
84
88
92
96
100
104
108
112
116
120
124
128
132
136
140
144
148
152
156
160
164
168
172
176
180
184
188
192
0
5
10
15
20
25
30
35
40
45
50
55
60
65
70
75
80
85
90
95
100
105
110
115
120
125
130
135
140
145
150
155
160
165
170
175
180
185
190
195
200
205
210
215
220
225
230
235
240
0
6
12
18
24
30
36
42
48
54
60
66
72
78
84
90
96
102
108
114
120
126
132
138
144
150
156
162
168
174
180
186
192
198
204
210
216
222
228
234
240
246
252
258
264
270
276
282
288
0
7
14
21
28
35
42
49
56
63
70
77
84
91
98
105
112
119
126
133
140
147
154
161
168
175
182
189
196
203
210
217
224
231
238
245
252
259
266
273
280
287
294
301
308
315
322
329
336
0
8
16
24
32
40
48
56
64
72
80
88
96
104
112
120
128
136
144
152
160
168
176
184
192
200
208
216
224
232
240
248
256
264
272
280
288
296
304
312
320
328
336
344
352
360
368
376
384
0
9
18
27
36
45
54
63
72
81
90
99
108
117
126
135
144
153
162
171
180
189
198
207
216
225
234
243
252
261
270
279
288
297
306
315
324
333
342
351
360
369
378
387
396
405
414
423
432
0
10
20
30
40
50
60
70
80
90
100
110
120
130
140
150
160
170
180
190
200
210
220
230
240
250
260
270
280
290
300
310
320
330
340
350
360
370
380
390
400
410
420
430
440
450
460
470
480
0
11
22
33
44
55
66
77
88
99
110
121
132
143
154
165
176
187
198
209
220
231
242
253
264
275
286
297
308
319
330
341
352
363
374
385
396
407
418
429
440
451
