D:\Dokumenty\DP\Video_quality\Release\Video_quality.exe-r d:\Dokumenty\DP\data5\V2.mkv d:\Dokumenty\DP\data5\V5.mkv
-in d:\Dokumenty\DP\data5\V5.mkv d:\Dokumenty\DP\data5\V3.mkv
-in d:\Dokumenty\DP\data5\V3.mkv -type SSIM d:\Dokumenty\DP\data5\V2.mkv
ffprobe -v error -of flat=s=_  -select_streams v:0 -show_entries stream=width,height,r_frame_rate -show_entries format=duration,nb_frames -of default=noprint_wrappers=1:nokey=1 d:\Dokumenty\DP\data5\V2.mkv
23.976
1362.17
ffmpeg -i d:\Dokumenty\DP\data5\V2.mkv -f image2pipe -threads 3  -pix_fmt yuv420p -vcodec rawvideo - 2>NUL
d:\Dokumenty\DP\data5\V5.mkv
ffprobe -v error -of flat=s=_  -select_streams v:0 -show_entries stream=width,height,r_frame_rate -show_entries format=duration,nb_frames -of default=noprint_wrappers=1:nokey=1 d:\Dokumenty\DP\data5\V5.mkv
23.976
1362.17
ffmpeg -i d:\Dokumenty\DP\data5\V5.mkv -f image2pipe -threads 3  -pix_fmt yuv420p -vcodec rawvideo - 2>NUL
d:\Dokumenty\DP\data5\V3.mkv
ffprobe -v error -of flat=s=_  -select_streams v:0 -show_entries stream=width,height,r_frame_rate -show_entries format=duration,nb_frames -of default=noprint_wrappers=1:nokey=1 d:\Dokumenty\DP\data5\V3.mkv
23.976
1362.17
ffmpeg -i d:\Dokumenty\DP\data5\V3.mkv -f image2pipe -threads 3  -pix_fmt yuv420p -vcodec rawvideo - 2>NUL
1362
1362
1536000
input file number: 0
0 0.988668
1 0.988668
2 0.988668
3 0.988668
4 0.988668
5 0.988668
6 0.988668
7 0.988668
8 0.988668
9 0.988668
10 0.988668
11 0.988668
12 0.988668
13 0.988668
14 0.988668
15 0.988668
16 0.988668
17 0.988668
18 0.988668
19 0.988668
20 0.988668
21 0.988668
22 0.988668
23 0.988668
24 0.988668
25 0.988668
26 0.988668
27 0.988668
28 0.988668
29 0.988668
30 0.988668
31 0.988668
32 0.988668
33 0.988668
34 0.988668
35 0.988668
36 0.988668
37 0.988668
38 0.988668
39 0.988668
40 0.988668
41 0.988668
42 0.988668
43 0.988668
44 0.988316
45 0.988099
46 0.987782
47 0.988117
48 0.987509
49 0.986364
50 0.985179
51 0.984635
52 0.984138
53 0.9833
54 0.983806
55 0.982962
56 0.983996
57 0.983319
58 0.983859
59 0.9828
60 0.983974
61 0.983166
62 0.983674
63 0.98311
64 0.983871
65 0.98303
66 0.983543
67 0.982813
68 0.983453
69 0.982043
70 0.982878
71 0.981619
72 0.981918
73 0.980804
74 0.980807
75 0.979922
76 0.979952
77 0.979613
78 0.979722
79 0.979574
80 0.978927
81 0.979106
82 0.979027
83 0.979661
84 0.978061
85 0.977829
86 0.977379
87 0.977967
88 0.976277
89 0.976968
90 0.976496
91 0.977849
92 0.976679
93 0.978125
94 0.977246
95 0.97862
96 0.977756
97 0.979031
98 0.978397
99 0.978783
100 0.977975
101 0.978956
102 0.978235
103 0.978535
104 0.978329
105 0.979489
106 0.979697
107 0.980348
108 0.980837
109 0.980709
110 0.980393
111 0.981018
112 0.980946
113 0.981027
114 0.980854
115 0.981407
116 0.981231
117 0.981511
118 0.981173
119 0.981724
120 0.98184
121 0.981983
122 0.981611
123 0.982038
124 0.982367
125 0.982516
126 0.982347
127 0.982765
128 0.982905
129 0.982568
130 0.982262
131 0.982431
132 0.9825
133 0.982437
134 0.982267
135 0.982474
136 0.98247
137 0.982663
138 0.982375
139 0.982518
140 0.982568
141 0.982676
142 0.982605
143 0.982862
144 0.983127
145 0.983233
146 0.982936
147 0.983243
148 0.983361
149 0.983441
150 0.983168
151 0.983465
152 0.983455
153 0.98348
154 0.983312
155 0.983487
156 0.983507
157 0.98357
158 0.983367
159 0.983743
160 0.983795
161 0.983962
162 0.983753
163 0.984011
164 0.984169
165 0.984408
166 0.984242
167 0.984516
168 0.984727
169 0.985031
170 0.984475
171 0.984529
172 0.984642
173 0.984977
174 0.984461
175 0.984609
176 0.984786
177 0.985094
178 0.984733
179 0.984829
180 0.984952
181 0.985295
182 0.984922
183 0.984826
184 0.98514
185 0.986087
186 0.985016
187 0.98489
188 0.985479
189 0.985921
190 0.985007
191 0.984775
192 0.985148
193 0.985373
194 0.984708
195 0.984562
196 0.984875
197 0.985225
198 0.98457
199 0.984188
200 0.984645
201 0.984969
202 0.984281
203 0.983937
204 0.984604
205 0.984948
206 0.984051
207 0.983572
208 0.984363
209 0.984834
210 0.983733
211 0.983271
212 0.983964
213 0.984332
214 0.983692
215 0.983467
216 0.98396
217 0.984435
218 0.983606
219 0.983282
220 0.983817
221 0.984283
222 0.983457
223 0.98302
224 0.98388
225 0.984762
226 0.983527
227 0.983117
228 0.984118
229 0.984622
230 0.983619
231 0.98306
232 0.983884
233 0.984154
234 0.983458
235 0.983014
236 0.984091
237 0.9845
238 0.983325
239 0.981866
240 0.982682
241 0.982973
242 0.981976
243 0.981644
244 0.982556
245 0.982671
246 0.982345
247 0.981363
248 0.982626
249 0.982639
250 0.98197
251 0.981226
252 0.982333
253 0.98252
254 0.981845
255 0.981222
256 0.982414
257 0.982622
258 0.981687
259 0.980745
260 0.981978
261 0.982467
262 0.981992
263 0.981138
264 0.982493
265 0.982948
266 0.98312
267 0.982301
268 0.983361
269 0.983459
270 0.983032
271 0.982527
272 0.982491
273 0.990251
274 0.98974
275 0.989695
276 0.989449
277 0.989385
278 0.989324
279 0.989282
280 0.989066
281 0.988923
282 0.988782
283 0.98857
284 0.988251
285 0.987599
286 0.988162
287 0.98788
288 0.987581
289 0.986926
290 0.987468
291 0.987334
292 0.986777
293 0.986335
294 0.986652
295 0.986623
296 0.986369
297 0.986009
298 0.986395
299 0.986366
300 0.986187
301 0.985781
302 0.986274
303 0.98642
304 0.986302
305 0.985638
306 0.986629
307 0.986422
308 0.986363
309 0.98509
310 0.986163
311 0.986459
312 0.98651
313 0.986202
314 0.986726
315 0.986754
316 0.986746
317 0.986413
318 0.986864
319 0.986928
320 0.98687
321 0.986538
322 0.986904
323 0.987027
324 0.987032
325 0.986669
326 0.987607
327 0.987134
328 0.987462
329 0.986854
330 0.987384
331 0.987248
332 0.987398
333 0.986998
334 0.987363
335 0.987326
336 0.987372
337 0.98707
338 0.987431
339 0.987485
340 0.987347
341 0.987024
342 0.987377
343 0.987414
344 0.987335
345 0.987193
346 0.987845
347 0.987582
348 0.987789
349 0.98726
350 0.987701
351 0.987697
352 0.987643
353 0.987249
354 0.987556
355 0.987601
356 0.987451
357 0.987119
358 0.987368
359 0.987504
360 0.987291
361 0.986957
362 0.987158
363 0.987299
364 0.987186
365 0.986879
366 0.987789
367 0.987237
368 0.986942
369 0.985939
370 0.986506
371 0.986394
372 0.985892
373 0.985206
374 0.985734
375 0.985712
376 0.985152
377 0.984675
378 0.984779
379 0.984712
380 0.984618
381 0.984326
382 0.986356
383 0.987089
384 0.986764
385 0.985116
386 0.98692
387 0.987561
388 0.987076
389 0.985408
390 0.987215
391 0.988219
392 0.987974
393 0.986619
394 0.988289
395 0.988967
396 0.989095
397 0.988352
398 0.989305
399 0.989939
400 0.98985
401 0.989406
402 0.990139
403 0.990552
404 0.990644
405 0.990328
406 0.990996
407 0.991523
408 0.991583
409 0.991395
410 0.992218
411 0.991834
412 0.992622
413 0.992334
414 0.993503
415 0.993298
416 0.994238
417 0.994196
418 0.995069
419 0.995076
420 0.995331
421 0.996028
422 0.996766
423 0.997251
424 0.997751
425 0.998151
426 0.998685
427 0.999167
428 0.99983
429 0.999878
430 0.999982
431 1
432 1
433 1
434 1
435 1
436 1
437 1
438 1
439 1
440 1
441 1
442 1
443 1
444 1
445 1
446 1
447 1
448 1
449 1
450 1
451 1
452 1
453 1
454 1
455 1
456 1
457 1
458 1
459 1
460 0.999823
461 0.999998
462 0.999969
463 0.998473
464 0.997439
465 0.999094
466 0.999151
467 0.99971
468 0.999941
469 0.99995
470 0.998656
471 0.998269
472 0.998293
473 0.997305
474 0.996822
475 0.995962
476 0.994479
477 0.993154
478 0.993678
479 0.995398
480 0.996469
481 0.995872
482 0.997308
483 0.993154
484 0.991105
485 0.987943
486 0.984226
487 0.982561
488 0.97869
489 0.978812
490 0.976435
491 0.975366
492 0.974904
493 0.977392
494 0.977633
495 0.981681
496 0.978273
497 0.983469
498 0.982111
499 0.982164
500 0.97985
501 0.982637
502 0.981233
503 0.979585
504 0.976333
505 0.974903
506 0.974636
507 0.977276
508 0.977391
509 0.978162
510 0.978588
511 0.979576
512 0.979858
513 0.979841
514 0.97931
515 0.979328
516 0.978608
517 0.976943
518 0.97408
519 0.974671
520 0.975838
521 0.97625
522 0.976477
523 0.977696
524 0.978606
525 0.978872
526 0.978098
527 0.978748
528 0.978957
529 0.978637
530 0.977072
531 0.977145
532 0.977874
533 0.977871
534 0.976983
535 0.977751
536 0.978647
537 0.97905
538 0.978777
539 0.979156
540 0.979537
541 0.979318
542 0.977856
543 0.977896
544 0.978184
545 0.977854
546 0.975887
547 0.977366
548 0.977954
549 0.978921
550 0.979341
551 0.97959
552 0.979874
553 0.9801
554 0.980359
555 0.980184
556 0.979326
557 0.979327
558 0.978674
559 0.977755
560 0.977875
561 0.978614
562 0.979777
563 0.98011
564 0.980491
565 0.980958
566 0.980472
567 0.981165
568 0.98145
569 0.981802
570 0.981548
571 0.981633
572 0.980866
573 0.982037
574 0.980914
575 0.982199
576 0.98185
577 0.983125
578 0.983953
579 0.984497
580 0.984975
581 0.98561
582 0.985687
583 0.986458
584 0.985896
585 0.986553
586 0.986229
587 0.986786
588 0.986601
589 0.98705
590 0.987355
591 0.987553
592 0.987733
593 0.987827
594 0.98808
595 0.987706
596 0.9878
597 0.988463
598 0.987872
599 0.987659
600 0.987613
601 0.987174
602 0.987226
603 0.987094
604 0.986941
605 0.98691
606 0.986672
607 0.986674
608 0.987102
609 0.987381
610 0.987356
611 0.987342
612 0.987261
613 0.987198
614 0.986987
615 0.98698
616 0.986966
617 0.986806
618 0.986432
619 0.986377
620 0.986496
621 0.986113
622 0.985842
623 0.985722
624 0.985497
625 0.985388
626 0.985079
627 0.98494
628 0.984591
629 0.98447
630 0.984079
631 0.983797
632 0.983893
633 0.983714
634 0.983471
635 0.983075
636 0.983008
637 0.982759
638 0.982481
639 0.982228
640 0.981729
641 0.981352
642 0.981276
643 0.980895
644 0.980481
645 0.980264
646 0.979556
647 0.979669
648 0.979438
649 0.979555
650 0.979577
651 0.97946
652 0.979714
653 0.979364
654 0.979307
655 0.979033
656 0.978901
657 0.979194
658 0.979102
659 0.979365
660 0.979177
661 0.979381
662 0.980025
663 0.980281
664 0.98012
665 0.980072
666 0.98018
667 0.980445
668 0.980342
669 0.980628
670 0.980589
671 0.980937
672 0.981389
673 0.981407
674 0.981258
675 0.981507
676 0.981739
677 0.981948
678 0.981933
679 0.982274
680 0.982532
681 0.982944
682 0.983027
683 0.983314
684 0.983626
685 0.983551
686 0.983336
687 0.983718
688 0.983973
689 0.984473
690 0.984595
691 0.984795
692 0.985218
693 0.985517
694 0.985594
695 0.992405
696 0.990688
697 0.989477
698 0.988324
699 0.987541
700 0.986724
701 0.985981
702 0.984988
703 0.984634
704 0.984485
705 0.984296
706 0.983781
707 0.983432
708 0.983263
709 0.983184
710 0.982486
711 0.981594
712 0.981147
713 0.981244
714 0.980879
715 0.981577
716 0.982476
717 0.984876
718 0.985973
719 0.987108
720 0.987544
721 0.988261
722 0.988526
723 0.988585
724 0.988542
725 0.987818
726 0.986668
727 0.985826
728 0.984479
729 0.983345
730 0.982563
731 0.982734
732 0.983076
733 0.983354
734 0.983752
735 0.98441
736 0.98524
737 0.99144
738 0.988206
739 0.988582
740 0.988685
741 0.988757
742 0.988656
743 0.988395
744 0.98799
745 0.987899
746 0.987104
747 0.987495
748 0.987159
749 0.987297
750 0.986903
751 0.987068
752 0.986854
753 0.986376
754 0.985992
755 0.985576
756 0.984973
757 0.984168
758 0.98372
759 0.983196
760 0.983009
761 0.982619
762 0.982457
763 0.982399
764 0.982143
765 0.981424
766 0.980639
767 0.979976
768 0.979346
769 0.978386
770 0.977186
771 0.97647
772 0.975373
773 0.974592
774 0.974421
775 0.973618
776 0.972992
777 0.97206
778 0.971277
779 0.968893
780 0.970503
781 0.967756
782 0.968845
783 0.966166
784 0.968134
785 0.963544
786 0.965735
787 0.96335
788 0.966363
789 0.963548
790 0.966422
791 0.963528
792 0.966446
793 0.964332
794 0.966285
795 0.966345
796 0.963343
797 0.966086
798 0.965781
799 0.965001
800 0.965424
801 0.962095
802 0.965726
803 0.959947
804 0.957791
805 0.96267
806 0.962168
807 0.962975
808 0.962267
809 0.957813
810 0.955982
811 0.961932
812 0.963747
813 0.961467
814 0.961257
815 0.965491
816 0.966465
817 0.96455
818 0.963606
819 0.967696
820 0.967815
821 0.966411
822 0.966122
823 0.96936
824 0.970111
825 0.969313
826 0.968883
827 0.970831
828 0.971368
829 0.969763
830 0.96952
831 0.971559
832 0.971939
833 0.972411
834 0.972381
835 0.972172
836 0.969463
837 0.968996
838 0.971299
839 0.969217
840 0.968658
841 0.970659
842 0.970204
843 0.967229
844 0.966132
845 0.96887
846 0.966041
847 0.965208
848 0.967589
849 0.96421
850 0.96313
851 0.962874
852 0.964793
853 0.963856
854 0.997873
855 0.994577
856 0.988823
857 0.978087
858 0.973702
859 0.969883
860 0.968683
861 0.967991
862 0.969726
863 0.963745
864 0.963089
865 0.963304
866 0.96593
867 0.965784
868 0.965977
869 0.965695
870 0.965136
871 0.966041
872 0.966563
873 0.966154
874 0.96574
875 0.966379
876 0.96688
877 0.966354
878 0.965922
879 0.966378
880 0.9666
881 0.966136
882 0.965689
883 0.966088
884 0.96643
885 0.966042
886 0.965636
887 0.966027
888 0.966333
889 0.9661
890 0.965666
891 0.966038
892 0.966301
893 0.966135
894 0.965773
895 0.965761
896 0.965725
897 0.962582
898 0.965608
899 0.964762
900 0.968401
901 0.972756
902 0.978707
903 0.984185
904 0.986035
905 0.992637
906 0.992909
907 0.995492
908 0.994003
909 0.992795
910 0.991608
911 0.992211
912 0.99472
913 0.993184
914 0.991626
915 0.991402
916 0.991005
917 0.990678
918 0.990438
919 0.990219
920 0.989762
921 0.989236
922 0.988392
923 0.987797
924 0.98765
925 0.987155
926 0.986542
927 0.986582
928 0.98545
929 0.983789
930 0.984422
931 0.987077
932 0.989636
933 0.987653
934 0.985252
935 0.983846
936 0.981919
937 0.977234
938 0.976772
939 0.976204
940 0.975718
941 0.976564
942 0.979216
943 0.981073
944 0.98167
945 0.982946
946 0.983363
947 0.984102
948 0.984408
949 0.98457
950 0.985196
951 0.985063
952 0.985237
953 0.985365
954 0.985444
955 0.985559
956 0.985936
957 0.98577
958 0.986131
959 0.986587
960 0.986658
961 0.986857
962 0.986644
963 0.98669
964 0.987417
965 0.988226
966 0.988336
967 0.988218
968 0.988718
969 0.988738
970 0.989424
971 0.989886
972 0.991469
973 0.991979
974 0.992138
975 0.990622
976 0.989108
977 0.988423
978 0.986147
979 0.987135
980 0.982227
981 0.978027
982 0.972918
983 0.967895
984 0.963443
985 0.960575
986 0.957904
987 0.953275
988 0.949319
989 0.944826
990 0.940959
991 0.937402
992 0.935541
993 0.933143
994 0.931245
995 0.930121
996 0.930231
997 0.931962
998 0.933247
999 0.935311
1000 0.935075
1001 0.936232
1002 0.936368
1003 0.935706
1004 0.934506
1005 0.93301
1006 0.931728
1007 0.929143
1008 0.929814
1009 0.924591
1010 0.92775
1011 0.927115
1012 0.926934
1013 0.926773
1014 0.928151
1015 0.928461
1016 0.929877
1017 0.933723
1018 0.936914
1019 0.940249
1020 0.943896
1021 0.946662
1022 0.948611
1023 0.95045
1024 0.95131
1025 0.952884
1026 0.953209
1027 0.953913
1028 0.956978
1029 0.958764
1030 0.960354
1031 0.963113
1032 0.964768
1033 0.9662
1034 0.967182
1035 0.969597
1036 0.971125
1037 0.973773
1038 0.976011
1039 0.977281
1040 0.978773
1041 0.980155
1042 0.981481
1043 0.982543
1044 0.983388
1045 0.984011
1046 0.985834
1047 0.986084
1048 0.986641
1049 0.992066
1050 0.998234
1051 0.998617
1052 0.998196
1053 0.997018
1054 0.99786
1055 0.997388
1056 0.997568
1057 0.997636
1058 0.997625
1059 0.997638
1060 0.997569
1061 0.997369
1062 0.996908
1063 0.99633
1064 0.995846
1065 0.995609
1066 0.995288
1067 0.993924
1068 0.99351
1069 0.993322
1070 0.993171
1071 0.992404
1072 0.990638
1073 0.988056
1074 0.98703
1075 0.987132
1076 0.987163
1077 0.986053
1078 0.986143
1079 0.989219
1080 0.988095
1081 0.986799
1082 0.985707
1083 0.996088
1084 0.994004
1085 0.998258
1086 0.998832
1087 0.998734
1088 0.998507
1089 0.997865
1090 0.997321
1091 0.993307
1092 0.9878
1093 0.985225
1094 0.9802
1095 0.978953
1096 0.977989
1097 0.980066
1098 0.987098
1099 0.993448
1100 0.993056
1101 0.992315
1102 0.991553
1103 0.995325
1104 0.997087
1105 0.993994
1106 0.992686
1107 0.992645
1108 0.992544
1109 0.994196
1110 0.99489
1111 0.996235
1112 0.996054
1113 0.996461
1114 0.996448
1115 0.996056
1116 0.993047
1117 0.98884
1118 0.986838
1119 0.986107
1120 0.987779
1121 0.988458
1122 0.988108
1123 0.988904
1124 0.990883
1125 0.993496
1126 0.995035
1127 0.994663
1128 0.992466
1129 0.98721
1130 0.983522
1131 0.984867
1132 0.989302
1133 0.993461
1134 0.995916
1135 0.996551
1136 0.994899
1137 0.992767
1138 0.991101
1139 0.991489
1140 0.992843
1141 0.994223
1142 0.99444
1143 0.994971
1144 0.995555
1145 0.996455
1146 0.997366
1147 0.997974
1148 0.998049
1149 0.997153
1150 0.996253
1151 0.993705
1152 0.990642
1153 0.987329
1154 0.987145
1155 0.98762
1156 0.988115
1157 0.988263
1158 0.989397
1159 0.990344
1160 0.990557
1161 0.990234
1162 0.989383
1163 0.990375
1164 0.991467
1165 0.991572
1166 0.991568
1167 0.990892
1168 0.991691
1169 0.991254
1170 0.991205
1171 0.991292
1172 0.991748
1173 0.991923
1174 0.991769
1175 0.991822
1176 0.991361
1177 0.990845
1178 0.990637
1179 0.991117
1180 0.991529
1181 0.991723
1182 0.991943
1183 0.991421
1184 0.991275
1185 0.98986
1186 0.989645
1187 0.989064
1188 0.988539
1189 0.98804
1190 0.987638
1191 0.988
1192 0.990962
1193 0.989483
1194 0.987673
1195 0.984772
1196 0.983386
1197 0.983067
1198 0.983781
1199 0.983575
1200 0.983761
1201 0.983654
1202 0.98328
1203 0.983333
1204 0.983715
1205 0.983923
1206 0.984311
1207 0.984566
1208 0.984472
1209 0.98433
1210 0.984362
1211 0.984838
1212 0.984895
1213 0.984484
1214 0.984734
1215 0.984799
1216 0.984166
1217 0.983558
1218 0.983384
1219 0.983867
1220 0.984416
1221 0.984881
1222 0.985129
1223 0.985989
1224 0.986635
1225 0.986978
1226 0.987719
1227 0.988459
1228 0.98898
1229 0.989052
1230 0.988557
1231 0.987825
1232 0.987842
1233 0.98755
1234 0.986721
1235 0.986002
1236 0.985404
1237 0.9851
1238 0.984704
1239 0.984994
1240 0.98546
1241 0.985297
1242 0.985907
1243 0.986003
1244 0.986476
1245 0.986759
1246 0.986805
1247 0.986806
1248 0.986686
1249 0.986439
1250 0.985847
1251 0.98541
1252 0.985365
1253 0.985398
1254 0.98535
1255 0.985278
1256 0.985207
1257 0.985572
1258 0.985675
1259 0.985649
1260 0.985578
1261 0.985555
1262 0.985452
1263 0.985363
1264 0.98533
1265 0.985202
1266 0.984955
1267 0.984407
1268 0.98383
1269 0.983363
1270 0.982548
1271 0.982082
1272 0.981303
1273 0.980274
1274 0.978602
1275 0.977775
1276 0.975897
1277 0.975045
1278 0.973911
1279 0.973987
1280 0.97479
1281 0.974556
1282 0.975052
1283 0.97458
1284 0.97439
1285 0.974159
1286 0.974174
1287 0.974481
1288 0.974307
1289 0.974562
1290 0.974256
1291 0.974196
1292 0.973996
1293 0.973957
1294 0.973658
1295 0.973534
1296 0.973507
1297 0.972937
1298 0.972822
1299 0.972715
1300 0.972545
1301 0.972275
1302 0.973094
1303 0.973591
1304 0.973679
1305 0.973277
1306 0.973499
1307 0.973225
1308 0.973591
1309 0.973571
1310 0.97341
1311 0.973921
1312 0.973592
1313 0.97392
1314 0.9741
1315 0.974802
1316 0.974869
1317 0.974561
1318 0.974575
1319 0.974284
1320 0.973621
1321 0.973366
1322 0.972785
1323 0.972349
1324 0.972122
1325 0.972284
1326 0.972047
1327 0.971583
1328 0.971493
1329 0.970365
1330 0.970908
1331 0.970935
1332 0.971431
1333 0.972271
1334 0.97219
1335 0.97366
1336 0.972839
1337 0.974036
1338 0.973545
1339 0.974277
1340 0.974848
1341 0.975453
1342 0.97599
1343 0.976126
1344 0.977936
1345 0.977217
1346 0.977404
1347 0.977894
1348 0.978409
1349 0.9786
1350 0.980071
1351 0.979386
1352 0.979922
1353 0.979696
1354 0.980083
1355 0.979728
1356 0.979885
1357 0.979893
1358 0.97988
1359 0.979791
1360 0.979178
1361 0.978286
input file number: 1
0 0.993872
1 0.993872
2 0.993872
3 0.993872
4 0.993872
5 0.993872
6 0.993872
7 0.993872
8 0.993872
9 0.993872
10 0.993872
11 0.993872
12 0.993872
13 0.993872
14 0.993872
15 0.993872
16 0.993872
17 0.993872
18 0.993872
19 0.993872
20 0.993872
21 0.993872
22 0.993872
23 0.993872
24 0.993872
25 0.993872
26 0.993872
27 0.993872
28 0.993872
29 0.993872
30 0.993872
31 0.993872
32 0.993872
33 0.993872
34 0.993872
35 0.993872
36 0.993872
37 0.993872
38 0.993872
39 0.993872
40 0.993872
41 0.993872
42 0.993872
43 0.993872
44 0.993227
45 0.992812
46 0.992575
47 0.992503
48 0.992391
49 0.991658
50 0.991326
51 0.991146
52 0.991018
53 0.990768
54 0.991129
55 0.99064
56 0.991125
57 0.990721
58 0.990973
59 0.99048
60 0.990976
61 0.990342
62 0.990591
63 0.990265
64 0.990683
65 0.990299
66 0.990786
67 0.990399
68 0.990834
69 0.99022
70 0.990799
71 0.990175
72 0.990427
73 0.989877
74 0.99024
75 0.989719
76 0.989617
77 0.989676
78 0.989587
79 0.989281
80 0.989205
81 0.989125
82 0.98923
83 0.989621
84 0.988939
85 0.988779
86 0.988813
87 0.98955
88 0.988743
89 0.989159
90 0.988811
91 0.989523
92 0.988794
93 0.989552
94 0.988927
95 0.989597
96 0.989073
97 0.98971
98 0.989211
99 0.989586
100 0.988817
101 0.989265
102 0.988779
103 0.988916
104 0.988616
105 0.989002
106 0.988867
107 0.988961
108 0.989006
109 0.989049
110 0.988788
111 0.989133
112 0.988915
113 0.988989
114 0.98883
115 0.989214
116 0.98901
117 0.989131
118 0.988931
119 0.989132
120 0.989026
121 0.989184
122 0.988792
123 0.989117
124 0.989138
125 0.989302
126 0.989021
127 0.989307
128 0.989331
129 0.989253
130 0.988963
131 0.989249
132 0.989171
133 0.989136
134 0.988975
135 0.989224
136 0.989089
137 0.989215
138 0.989013
139 0.989132
140 0.989097
141 0.989274
142 0.98912
143 0.98941
144 0.989362
145 0.989549
146 0.989332
147 0.989595
148 0.989581
149 0.989653
150 0.989527
151 0.989728
152 0.989546
153 0.9896
154 0.989449
155 0.989628
156 0.989377
157 0.989464
158 0.98939
159 0.989632
160 0.989514
161 0.989656
162 0.989464
163 0.989672
164 0.989556
165 0.989709
166 0.989606
167 0.989791
168 0.98984
169 0.990035
170 0.989725
171 0.989871
172 0.989798
173 0.990085
174 0.989842
175 0.989995
176 0.989935
177 0.990186
178 0.989979
179 0.990102
180 0.990049
181 0.990308
182 0.990095
183 0.990211
184 0.990312
185 0.990957
186 0.990341
187 0.99034
188 0.990651
189 0.990956
190 0.990427
191 0.99036
192 0.990491
193 0.990761
194 0.990368
195 0.990343
196 0.990424
197 0.990694
198 0.990239
199 0.990293
200 0.990466
201 0.990771
202 0.990399
203 0.990293
204 0.990534
205 0.99083
206 0.990379
207 0.990167
208 0.990529
209 0.990945
210 0.990303
211 0.990142
212 0.990407
213 0.990701
214 0.990386
215 0.990366
216 0.990529
217 0.990832
218 0.99041
219 0.990267
220 0.990453
221 0.990826
222 0.990378
223 0.990196
224 0.990513
225 0.991172
226 0.990492
227 0.990368
228 0.990739
229 0.991163
230 0.990588
231 0.990557
232 0.990837
233 0.991129
234 0.990716
235 0.99059
236 0.990826
237 0.99105
238 0.990005
239 0.989507
240 0.989973
241 0.990393
242 0.989926
243 0.989752
244 0.990153
245 0.990539
246 0.990593
247 0.990006
248 0.990642
249 0.990921
250 0.990553
251 0.990272
252 0.990721
253 0.991008
254 0.990616
255 0.990317
256 0.990746
257 0.991139
258 0.990574
259 0.99024
260 0.990589
261 0.990949
262 0.990589
263 0.990312
264 0.990668
265 0.991153
266 0.991184
267 0.990784
268 0.991136
269 0.991368
270 0.991062
271 0.990892
272 0.99072
273 0.996035
274 0.994947
275 0.994821
276 0.994347
277 0.994459
278 0.99387
279 0.993783
280 0.993507
281 0.993579
282 0.993126
283 0.992898
284 0.992867
285 0.992744
286 0.992673
287 0.992538
288 0.992467
289 0.99218
290 0.992209
291 0.992136
292 0.991864
293 0.99168
294 0.99169
295 0.991693
296 0.991634
297 0.991493
298 0.991518
299 0.991562
300 0.991498
301 0.991322
302 0.99142
303 0.991453
304 0.991392
305 0.991095
306 0.991599
307 0.991499
308 0.991656
309 0.991089
310 0.991383
311 0.991271
312 0.991525
313 0.991386
314 0.991459
315 0.99152
316 0.991527
317 0.991398
318 0.991465
319 0.991527
320 0.991483
321 0.991376
322 0.991425
323 0.991549
324 0.9916
325 0.991464
326 0.991801
327 0.991618
328 0.991869
329 0.991497
330 0.991683
331 0.991644
332 0.991797
333 0.991654
334 0.991685
335 0.991722
336 0.991757
337 0.991642
338 0.991648
339 0.991671
340 0.99165
341 0.991516
342 0.991588
343 0.991664
344 0.991583
345 0.991662
346 0.991923
347 0.991762
348 0.991979
349 0.991693
350 0.99183
351 0.99184
352 0.991892
353 0.991728
354 0.991776
355 0.991869
356 0.99182
357 0.991721
358 0.991716
359 0.991768
360 0.991699
361 0.991565
362 0.991598
363 0.991675
364 0.991698
365 0.991598
366 0.99203
367 0.991821
368 0.991914
369 0.991562
370 0.991862
371 0.991869
372 0.991777
373 0.991517
374 0.991682
375 0.99175
376 0.991543
377 0.991317
378 0.99129
379 0.991315
380 0.991288
381 0.991161
382 0.992303
383 0.992776
384 0.992263
385 0.991129
386 0.992294
387 0.992775
388 0.992217
389 0.991146
390 0.992274
391 0.992916
392 0.992557
393 0.991692
394 0.992651
395 0.99309
396 0.992954
397 0.992408
398 0.993061
399 0.993628
400 0.993331
401 0.99295
402 0.993539
403 0.993885
404 0.993831
405 0.993503
406 0.993992
407 0.994399
408 0.994342
409 0.994143
410 0.994946
411 0.994594
412 0.995285
413 0.995008
414 0.995908
415 0.995775
416 0.996431
417 0.996376
418 0.996942
419 0.996942
420 0.997201
421 0.99753
422 0.998014
423 0.998309
424 0.998658
425 0.998988
426 0.999314
427 0.999549
428 1
429 1
430 1
431 1
432 1
433 1
434 1
435 1
436 1
437 1
438 1
439 1
440 1
441 1
442 1
443 1
444 1
445 1
446 1
447 1
448 1
449 1
450 1
451 1
452 1
453 1
454 1
455 1
456 1
457 1
458 1
459 1
460 0.999902
461 0.999998
462 1
463 0.999997
464 0.999699
465 0.99934
466 1
467 0.999921
468 0.999985
469 0.999988
470 0.999817
471 0.998926
472 0.998816
473 0.998132
474 0.998082
475 0.996998
476 0.99549
477 0.99421
478 0.993204
479 0.995567
480 0.996366
481 0.995127
482 0.994657
483 0.994025
484 0.99279
485 0.986998
486 0.983554
487 0.984512
488 0.982884
489 0.984522
490 0.980473
491 0.98051
492 0.976538
493 0.978295
494 0.977256
495 0.981359
496 0.980505
497 0.984675
498 0.982111
499 0.982407
500 0.981677
501 0.983557
502 0.98214
503 0.982374
504 0.97986
505 0.97773
506 0.974325
507 0.975887
508 0.977087
509 0.97917
510 0.980052
511 0.981209
512 0.980938
513 0.981143
514 0.980205
515 0.981487
516 0.982202
517 0.981131
518 0.978597
519 0.97652
520 0.97504
521 0.975529
522 0.976563
523 0.978749
524 0.979324
525 0.980795
526 0.980522
527 0.980535
528 0.980165
529 0.981621
530 0.982127
531 0.980399
532 0.97684
533 0.975664
534 0.974761
535 0.97619
536 0.977012
537 0.978844
538 0.981577
539 0.982843
540 0.982433
541 0.981693
542 0.981732
543 0.982916
544 0.980615
545 0.978187
546 0.974985
547 0.975715
548 0.975454
549 0.976614
550 0.97883
551 0.98123
552 0.98222
553 0.983041
554 0.983455
555 0.983674
556 0.983875
557 0.983127
558 0.980644
559 0.978053
560 0.977362
561 0.977607
562 0.97815
563 0.979413
564 0.981207
565 0.983413
566 0.983766
567 0.984625
568 0.984656
569 0.985046
570 0.9847
571 0.98392
572 0.980547
573 0.981158
574 0.979748
575 0.980991
576 0.980994
577 0.983513
578 0.985587
579 0.987083
580 0.987565
581 0.987885
582 0.98792
583 0.988417
584 0.988228
585 0.987889
586 0.98727
587 0.987278
588 0.986708
589 0.987295
590 0.987615
591 0.988274
592 0.989014
593 0.98928
594 0.989743
595 0.989606
596 0.989548
597 0.990096
598 0.989431
599 0.989092
600 0.98886
601 0.988493
602 0.988559
603 0.988354
604 0.98832
605 0.988476
606 0.988515
607 0.988679
608 0.988811
609 0.989198
610 0.989183
611 0.989228
612 0.989068
613 0.989037
614 0.98905
615 0.988947
616 0.988789
617 0.988762
618 0.988585
619 0.988561
620 0.988518
621 0.988284
622 0.988344
623 0.988112
624 0.987941
625 0.987781
626 0.987541
627 0.987502
628 0.987397
629 0.987197
630 0.987025
631 0.98682
632 0.986948
633 0.986915
634 0.986696
635 0.986591
636 0.986428
637 0.986122
638 0.985959
639 0.985759
640 0.985413
641 0.985366
642 0.985242
643 0.985213
644 0.985137
645 0.985078
646 0.984437
647 0.984575
648 0.984594
649 0.984924
650 0.985364
651 0.985514
652 0.985488
653 0.985444
654 0.985569
655 0.985758
656 0.985494
657 0.985193
658 0.985014
659 0.985159
660 0.985058
661 0.985023
662 0.98516
663 0.985425
664 0.98533
665 0.985471
666 0.98536
667 0.98566
668 0.985663
669 0.985896
670 0.985732
671 0.985908
672 0.985814
673 0.986063
674 0.98606
675 0.986144
676 0.986275
677 0.986575
678 0.986754
679 0.986721
680 0.986779
681 0.986874
682 0.98703
683 0.987121
684 0.987293
685 0.987291
686 0.987522
687 0.987692
688 0.987652
689 0.987928
690 0.988045
691 0.98801
692 0.988137
693 0.988284
694 0.98851
695 0.994656
696 0.992232
697 0.991235
698 0.990422
699 0.989885
700 0.989268
701 0.98881
702 0.988383
703 0.988254
704 0.987972
705 0.987861
706 0.987712
707 0.987473
708 0.987135
709 0.987078
710 0.986953
711 0.986495
712 0.986142
713 0.985913
714 0.985752
715 0.985948
716 0.986252
717 0.988447
718 0.988172
719 0.988413
720 0.988587
721 0.989072
722 0.989146
723 0.989333
724 0.989518
725 0.989507
726 0.989072
727 0.988911
728 0.987955
729 0.987784
730 0.986386
731 0.986082
732 0.98423
733 0.98401
734 0.983886
735 0.984155
736 0.985003
737 0.991667
738 0.988818
739 0.989689
740 0.990048
741 0.990128
742 0.990004
743 0.990015
744 0.989911
745 0.989846
746 0.989442
747 0.989871
748 0.989647
749 0.989776
750 0.989414
751 0.989509
752 0.988914
753 0.988812
754 0.988518
755 0.988022
756 0.987575
757 0.986969
758 0.986419
759 0.986109
760 0.985445
761 0.985187
762 0.984821
763 0.985063
764 0.984757
765 0.984479
766 0.98409
767 0.983943
768 0.983255
769 0.982639
770 0.981971
771 0.981271
772 0.980282
773 0.979902
774 0.979604
775 0.9797
776 0.979033
777 0.978726
778 0.978557
779 0.977645
780 0.97878
781 0.977317
782 0.978272
783 0.977384
784 0.978563
785 0.977209
786 0.978005
787 0.97741
788 0.978111
789 0.977263
790 0.978634
791 0.977366
792 0.978966
793 0.978164
794 0.9792
795 0.97954
796 0.978716
797 0.97946
798 0.979888
799 0.979882
800 0.980242
801 0.979481
802 0.980658
803 0.978847
804 0.978336
805 0.979906
806 0.980123
807 0.98064
808 0.98092
809 0.979498
810 0.979104
811 0.981067
812 0.981721
813 0.980756
814 0.98067
815 0.982278
816 0.983255
817 0.982688
818 0.982686
819 0.984066
820 0.984473
821 0.983801
822 0.983608
823 0.984884
824 0.985387
825 0.984935
826 0.984608
827 0.985676
828 0.986019
829 0.985352
830 0.985009
831 0.985903
832 0.986102
833 0.986293
834 0.986169
835 0.986272
836 0.985236
837 0.985095
838 0.986021
839 0.985069
840 0.984756
841 0.985769
842 0.985702
843 0.984776
844 0.984517
845 0.98539
846 0.984218
847 0.984177
848 0.984942
849 0.983577
850 0.98306
851 0.982528
852 0.983423
853 0.982637
854 0.998416
855 0.996403
856 0.993812
857 0.990186
858 0.987299
859 0.984871
860 0.984761
861 0.984907
862 0.98563
863 0.984001
864 0.984181
865 0.984376
866 0.984918
867 0.984542
868 0.984856
869 0.984865
870 0.984599
871 0.984773
872 0.985151
873 0.984793
874 0.984515
875 0.984814
876 0.985228
877 0.984853
878 0.984471
879 0.984667
880 0.984975
881 0.984665
882 0.984315
883 0.984512
884 0.984785
885 0.984469
886 0.984151
887 0.984329
888 0.984534
889 0.984335
890 0.984034
891 0.984208
892 0.98439
893 0.98422
894 0.98399
895 0.983969
896 0.983945
897 0.982324
898 0.980263
899 0.979699
900 0.980842
901 0.982375
902 0.985976
903 0.988757
904 0.989386
905 0.994507
906 0.993995
907 0.9966
908 0.99517
909 0.99469
910 0.994965
911 0.994912
912 0.996782
913 0.995567
914 0.994566
915 0.994361
916 0.994001
917 0.993886
918 0.993806
919 0.993604
920 0.993456
921 0.99332
922 0.993027
923 0.992642
924 0.992372
925 0.992033
926 0.991663
927 0.9915
928 0.990904
929 0.990152
930 0.989984
931 0.99102
932 0.992288
933 0.992412
934 0.991178
935 0.991829
936 0.990085
937 0.988639
938 0.987896
939 0.98724
940 0.986782
941 0.986861
942 0.986925
943 0.987505
944 0.987645
945 0.988141
946 0.988394
947 0.988674
948 0.988752
949 0.988973
950 0.989272
951 0.989284
952 0.989382
953 0.989509
954 0.989604
955 0.989544
956 0.989693
957 0.989665
958 0.989788
959 0.990064
960 0.990038
961 0.990028
962 0.990083
963 0.990073
964 0.990289
965 0.990764
966 0.990869
967 0.990888
968 0.991301
969 0.9913
970 0.991689
971 0.991743
972 0.992629
973 0.993056
974 0.993559
975 0.992553
976 0.992528
977 0.992225
978 0.991005
979 0.99199
980 0.988852
981 0.987671
982 0.986495
983 0.985134
984 0.984011
985 0.983383
986 0.982931
987 0.981909
988 0.981109
989 0.980459
990 0.979759
991 0.979361
992 0.979009
993 0.978647
994 0.978357
995 0.978563
996 0.978133
997 0.978086
998 0.978105
999 0.978334
1000 0.978244
1001 0.978318
1002 0.978686
1003 0.978913
1004 0.978478
1005 0.977641
1006 0.977289
1007 0.976937
1008 0.976658
1009 0.975472
1010 0.975685
1011 0.975863
1012 0.975574
1013 0.975516
1014 0.97613
1015 0.975481
1016 0.975127
1017 0.975798
1018 0.976247
1019 0.976781
1020 0.977045
1021 0.977153
1022 0.977127
1023 0.976868
1024 0.976819
1025 0.97742
1026 0.977223
1027 0.977302
1028 0.977501
1029 0.97786
1030 0.978929
1031 0.979243
1032 0.97986
1033 0.980512
1034 0.980982
1035 0.982214
1036 0.982917
1037 0.984176
1038 0.985246
1039 0.986027
1040 0.986931
1041 0.987632
1042 0.988321
1043 0.989268
1044 0.989762
1045 0.990334
1046 0.991277
1047 0.991357
1048 0.991187
1049 0.994863
1050 0.998771
1051 0.99902
1052 0.998952
1053 0.998721
1054 0.99837
1055 0.997934
1056 0.997708
1057 0.99775
1058 0.997641
1059 0.997602
1060 0.997661
1061 0.997498
1062 0.997288
1063 0.996883
1064 0.996555
1065 0.996323
1066 0.996119
1067 0.995742
1068 0.995447
1069 0.99521
1070 0.994896
1071 0.994662
1072 0.99381
1073 0.992642
1074 0.992496
1075 0.9926
1076 0.992468
1077 0.992591
1078 0.99298
1079 0.994847
1080 0.994245
1081 0.994172
1082 0.993629
1083 0.997357
1084 0.995785
1085 0.998769
1086 0.999458
1087 0.999198
1088 0.999058
1089 0.998939
1090 0.998491
1091 0.995954
1092 0.992773
1093 0.992621
1094 0.991384
1095 0.99144
1096 0.990663
1097 0.991861
1098 0.994631
1099 0.997176
1100 0.996935
1101 0.995505
1102 0.997043
1103 0.997252
1104 0.998423
1105 0.997832
1106 0.996507
1107 0.995716
1108 0.995441
1109 0.996041
1110 0.996351
1111 0.997134
1112 0.997136
1113 0.997602
1114 0.997723
1115 0.997332
1116 0.995756
1117 0.993399
1118 0.992412
1119 0.991495
1120 0.991579
1121 0.991416
1122 0.991088
1123 0.991093
1124 0.991577
1125 0.993262
1126 0.994723
1127 0.995557
1128 0.99504
1129 0.993197
1130 0.991459
1131 0.992046
1132 0.99423
1133 0.995592
1134 0.996634
1135 0.997443
1136 0.997189
1137 0.99629
1138 0.995549
1139 0.994789
1140 0.994536
1141 0.994792
1142 0.994756
1143 0.995099
1144 0.995771
1145 0.996763
1146 0.997284
1147 0.997876
1148 0.998066
1149 0.997712
1150 0.997308
1151 0.996051
1152 0.994665
1153 0.993498
1154 0.9931
1155 0.993
1156 0.992667
1157 0.992589
1158 0.993124
1159 0.993483
1160 0.993462
1161 0.9933
1162 0.993207
1163 0.993868
1164 0.994155
1165 0.993981
1166 0.993808
1167 0.993276
1168 0.993071
1169 0.992728
1170 0.99248
1171 0.992356
1172 0.992361
1173 0.992435
1174 0.992508
1175 0.992438
1176 0.992589
1177 0.992614
1178 0.992793
1179 0.993154
1180 0.99349
1181 0.993591
1182 0.99362
1183 0.993316
1184 0.993037
1185 0.992747
1186 0.992861
1187 0.992959
1188 0.992621
1189 0.992279
1190 0.992154
1191 0.99256
1192 0.995188
1193 0.993521
1194 0.992734
1195 0.991652
1196 0.990991
1197 0.99067
1198 0.990478
1199 0.990163
1200 0.989881
1201 0.989624
1202 0.98947
1203 0.98931
1204 0.989211
1205 0.988981
1206 0.988901
1207 0.988771
1208 0.988571
1209 0.988476
1210 0.988405
1211 0.988758
1212 0.988751
1213 0.988785
1214 0.989039
1215 0.989304
1216 0.989325
1217 0.989141
1218 0.989282
1219 0.989877
1220 0.990236
1221 0.990569
1222 0.99071
1223 0.990914
1224 0.99101
1225 0.991116
1226 0.9916
1227 0.992227
1228 0.992689
1229 0.992711
1230 0.992429
1231 0.992255
1232 0.992677
1233 0.992184
1234 0.991844
1235 0.991557
1236 0.99134
1237 0.991049
1238 0.990859
1239 0.990781
1240 0.990798
1241 0.990577
1242 0.990611
1243 0.990493
1244 0.990382
1245 0.990235
1246 0.990284
1247 0.990068
1248 0.989925
1249 0.989699
1250 0.989605
1251 0.989393
1252 0.989295
1253 0.989337
1254 0.989416
1255 0.98947
1256 0.989556
1257 0.989551
1258 0.989732
1259 0.989706
1260 0.989632
1261 0.989656
1262 0.989689
1263 0.989638
1264 0.989619
1265 0.989511
1266 0.989418
1267 0.989251
1268 0.989015
1269 0.988854
1270 0.988646
1271 0.988392
1272 0.988325
1273 0.988138
1274 0.98802
1275 0.987841
1276 0.987819
1277 0.987529
1278 0.987281
1279 0.987043
1280 0.986819
1281 0.986664
1282 0.986411
1283 0.986298
1284 0.986142
1285 0.986096
1286 0.986027
1287 0.986048
1288 0.986099
1289 0.98582
1290 0.985777
1291 0.985595
1292 0.985634
1293 0.985456
1294 0.985459
1295 0.985302
1296 0.985202
1297 0.98505
1298 0.98503
1299 0.984779
1300 0.984768
1301 0.98478
1302 0.985287
1303 0.985534
1304 0.98561
1305 0.985775
1306 0.985402
1307 0.985398
1308 0.98553
1309 0.985457
1310 0.985526
1311 0.985924
1312 0.985645
1313 0.985785
1314 0.985912
1315 0.986217
1316 0.98621
1317 0.986277
1318 0.986403
1319 0.986367
1320 0.986009
1321 0.986128
1322 0.985923
1323 0.985677
1324 0.985538
1325 0.985428
1326 0.985368
1327 0.985449
1328 0.985473
1329 0.985165
1330 0.985346
1331 0.985322
1332 0.985581
1333 0.985937
1334 0.985573
1335 0.986078
1336 0.985771
1337 0.986041
1338 0.98578
1339 0.985999
1340 0.986043
1341 0.986092
1342 0.986307
1343 0.98637
1344 0.986999
1345 0.986511
1346 0.986625
1347 0.986907
1348 0.987214
1349 0.987375
1350 0.98813
1351 0.987394
1352 0.987935
1353 0.987658
1354 0.98802
1355 0.987764
1356 0.988027
1357 0.987921
1358 0.98795
1359 0.987753
1360 0.987588
1361 0.987372
AVG: 0.982016
Median: 0.982944
AVG: 0.988979
Median: 0.986874
