D:\Dokumenty\DP\Video_quality\Release\Video_quality.exe-r d:\Dokumenty\DP\data5\V2.mkv d:\Dokumenty\DP\data5\V5.mkv
-in d:\Dokumenty\DP\data5\V5.mkv d:\Dokumenty\DP\data5\V3.mkv
-in d:\Dokumenty\DP\data5\V3.mkv -type SSIM d:\Dokumenty\DP\data5\V2.mkv
ffprobe -v error -of flat=s=_  -select_streams v:0 -show_entries stream=width,height,r_frame_rate -show_entries format=duration,nb_frames -of default=noprint_wrappers=1:nokey=1 d:\Dokumenty\DP\data5\V2.mkv
23.976
1362.17
ffmpeg -i d:\Dokumenty\DP\data5\V2.mkv -f image2pipe -threads 3  -pix_fmt yuv420p -vcodec rawvideo - 2>NUL
d:\Dokumenty\DP\data5\V5.mkv
ffprobe -v error -of flat=s=_  -select_streams v:0 -show_entries stream=width,height,r_frame_rate -show_entries format=duration,nb_frames -of default=noprint_wrappers=1:nokey=1 d:\Dokumenty\DP\data5\V5.mkv
23.976
1362.17
ffmpeg -i d:\Dokumenty\DP\data5\V5.mkv -f image2pipe -threads 3  -pix_fmt yuv420p -vcodec rawvideo - 2>NUL
d:\Dokumenty\DP\data5\V3.mkv
ffprobe -v error -of flat=s=_  -select_streams v:0 -show_entries stream=width,height,r_frame_rate -show_entries format=duration,nb_frames -of default=noprint_wrappers=1:nokey=1 d:\Dokumenty\DP\data5\V3.mkv
23.976
1362.17
ffmpeg -i d:\Dokumenty\DP\data5\V3.mkv -f image2pipe -threads 3  -pix_fmt yuv420p -vcodec rawvideo - 2>NUL
1362
1362
1536000
input file number: 0
0 0.987107
1 0.987107
2 0.987107
3 0.987107
4 0.987107
5 0.987107
6 0.987107
7 0.987107
8 0.987107
9 0.987107
10 0.987107
11 0.987107
12 0.987107
13 0.987107
14 0.987107
15 0.987107
16 0.987107
17 0.987107
18 0.987107
19 0.987107
20 0.987107
21 0.987107
22 0.987107
23 0.987107
24 0.987107
25 0.987107
26 0.987107
27 0.987107
28 0.987107
29 0.987107
30 0.987107
31 0.987107
32 0.987107
33 0.987107
34 0.987107
35 0.987107
36 0.987107
37 0.987107
38 0.987107
39 0.987107
40 0.987107
41 0.987107
42 0.987107
43 0.987107
44 0.986726
45 0.986554
46 0.98623
47 0.986859
48 0.985941
49 0.984575
50 0.983276
51 0.982669
52 0.982302
53 0.981553
54 0.98252
55 0.98129
56 0.982739
57 0.98165
58 0.98254
59 0.981232
60 0.982803
61 0.981474
62 0.982593
63 0.98152
64 0.982906
65 0.981565
66 0.982621
67 0.981376
68 0.98258
69 0.980774
70 0.982082
71 0.980515
72 0.981391
73 0.979964
74 0.980416
75 0.979125
76 0.979467
77 0.979893
78 0.979553
79 0.980269
80 0.979223
81 0.979114
82 0.979203
83 0.97996
84 0.978301
85 0.978368
86 0.978041
87 0.978951
88 0.977182
89 0.978098
90 0.977215
91 0.978819
92 0.977494
93 0.979282
94 0.978331
95 0.979945
96 0.978977
97 0.980426
98 0.979501
99 0.980665
100 0.979554
101 0.980848
102 0.979858
103 0.980624
104 0.980171
105 0.981481
106 0.98138
107 0.98165
108 0.98237
109 0.982539
110 0.982214
111 0.982544
112 0.983044
113 0.983144
114 0.982902
115 0.983104
116 0.983309
117 0.983464
118 0.983092
119 0.983389
120 0.983706
121 0.983845
122 0.983396
123 0.983818
124 0.984272
125 0.984215
126 0.98382
127 0.984313
128 0.984704
129 0.984594
130 0.984182
131 0.984371
132 0.984628
133 0.984767
134 0.984516
135 0.984657
136 0.984916
137 0.985004
138 0.984706
139 0.984757
140 0.984941
141 0.98504
142 0.98482
143 0.984924
144 0.985342
145 0.985466
146 0.98504
147 0.985221
148 0.985574
149 0.985638
150 0.985503
151 0.985647
152 0.985676
153 0.985802
154 0.985389
155 0.985698
156 0.985699
157 0.985745
158 0.98555
159 0.985791
160 0.985852
161 0.985886
162 0.985857
163 0.98598
164 0.986229
165 0.986331
166 0.986074
167 0.986322
168 0.98646
169 0.986774
170 0.986361
171 0.986472
172 0.986412
173 0.986721
174 0.986107
175 0.98652
176 0.986165
177 0.986978
178 0.986045
179 0.986771
180 0.986607
181 0.986913
182 0.986721
183 0.986785
184 0.986512
185 0.987397
186 0.986612
187 0.98663
188 0.987188
189 0.987509
190 0.986858
191 0.986801
192 0.986968
193 0.987111
194 0.986602
195 0.986588
196 0.986755
197 0.987067
198 0.986709
199 0.986703
200 0.986801
201 0.987086
202 0.986706
203 0.986623
204 0.986853
205 0.987135
206 0.986549
207 0.986323
208 0.986754
209 0.987146
210 0.986445
211 0.986313
212 0.9866
213 0.986845
214 0.986417
215 0.986398
216 0.986551
217 0.986836
218 0.986318
219 0.986297
220 0.986449
221 0.986808
222 0.986351
223 0.986274
224 0.986608
225 0.98716
226 0.986389
227 0.98623
228 0.986668
229 0.987034
230 0.986356
231 0.986217
232 0.986527
233 0.986642
234 0.986197
235 0.98601
236 0.986406
237 0.986586
238 0.985545
239 0.983897
240 0.98449
241 0.984908
242 0.984309
243 0.984116
244 0.984625
245 0.984811
246 0.984635
247 0.983949
248 0.984665
249 0.984795
250 0.984294
251 0.983855
252 0.98446
253 0.984699
254 0.98416
255 0.983787
256 0.984392
257 0.98469
258 0.983956
259 0.983312
260 0.984064
261 0.984573
262 0.984119
263 0.983606
264 0.984369
265 0.984741
266 0.984719
267 0.984101
268 0.984794
269 0.985025
270 0.984662
271 0.98438
272 0.984411
273 0.991379
274 0.990843
275 0.990837
276 0.990657
277 0.990678
278 0.99047
279 0.990477
280 0.990274
281 0.990253
282 0.990084
283 0.989987
284 0.989793
285 0.989575
286 0.989765
287 0.989506
288 0.989272
289 0.98887
290 0.989086
291 0.989033
292 0.988649
293 0.988448
294 0.98861
295 0.98863
296 0.988381
297 0.988212
298 0.988352
299 0.988449
300 0.988245
301 0.988064
302 0.988279
303 0.988458
304 0.988296
305 0.988048
306 0.988586
307 0.988446
308 0.988371
309 0.987727
310 0.988245
311 0.988299
312 0.988263
313 0.988103
314 0.988397
315 0.988459
316 0.988366
317 0.988291
318 0.988479
319 0.988591
320 0.988498
321 0.988419
322 0.98857
323 0.988721
324 0.988588
325 0.988491
326 0.989096
327 0.98876
328 0.988933
329 0.988634
330 0.988859
331 0.988823
332 0.988854
333 0.988743
334 0.988876
335 0.988889
336 0.988892
337 0.988836
338 0.98894
339 0.989039
340 0.988855
341 0.988768
342 0.988894
343 0.988953
344 0.988843
345 0.988832
346 0.98917
347 0.989011
348 0.989108
349 0.988826
350 0.989067
351 0.989108
352 0.989026
353 0.988835
354 0.988955
355 0.989023
356 0.988846
357 0.988736
358 0.988802
359 0.988968
360 0.988734
361 0.988623
362 0.988676
363 0.988834
364 0.988654
365 0.98853
366 0.989019
367 0.98867
368 0.988531
369 0.987968
370 0.988161
371 0.988039
372 0.987666
373 0.987313
374 0.987479
375 0.987483
376 0.987087
377 0.986914
378 0.986949
379 0.987018
380 0.986863
381 0.986739
382 0.987975
383 0.988278
384 0.987999
385 0.987086
386 0.988075
387 0.988438
388 0.98793
389 0.986956
390 0.987958
391 0.988576
392 0.988334
393 0.98752
394 0.988477
395 0.988884
396 0.988936
397 0.98855
398 0.988998
399 0.989533
400 0.989378
401 0.989223
402 0.989593
403 0.989905
404 0.990112
405 0.990128
406 0.990443
407 0.990895
408 0.991111
409 0.991219
410 0.991916
411 0.991847
412 0.992431
413 0.992422
414 0.993204
415 0.993092
416 0.993839
417 0.993948
418 0.994745
419 0.99496
420 0.995243
421 0.996017
422 0.99657
423 0.997094
424 0.997643
425 0.998245
426 0.998805
427 0.999225
428 0.999867
429 0.999903
430 0.999995
431 0.999997
432 1
433 1
434 1
435 1
436 1
437 0.999997
438 1
439 0.999969
440 1
441 0.999997
442 0.999997
443 0.99995
444 1
445 0.999979
446 0.999997
447 0.99997
448 0.999997
449 0.999988
450 0.999973
451 0.999804
452 0.999868
453 0.999854
454 0.999823
455 0.999628
456 0.999711
457 0.999704
458 0.999606
459 0.999482
460 0.999275
461 0.999699
462 0.999671
463 0.998801
464 0.998452
465 0.999347
466 0.999505
467 0.999787
468 0.999829
469 0.999751
470 0.998469
471 0.997574
472 0.99555
473 0.994149
474 0.990925
475 0.987567
476 0.98344
477 0.983744
478 0.97893
479 0.978955
480 0.988968
481 0.992754
482 0.995159
483 0.988319
484 0.985061
485 0.975376
486 0.971006
487 0.972708
488 0.964607
489 0.964883
490 0.961131
491 0.963036
492 0.95802
493 0.967108
494 0.967279
495 0.971962
496 0.965912
497 0.974428
498 0.973821
499 0.975467
500 0.969349
501 0.97456
502 0.973152
503 0.972831
504 0.965102
505 0.967557
506 0.958946
507 0.970015
508 0.969308
509 0.971695
510 0.970884
511 0.974963
512 0.975827
513 0.976045
514 0.972208
515 0.974146
516 0.973307
517 0.971632
518 0.963098
519 0.968741
520 0.96978
521 0.97125
522 0.968773
523 0.972942
524 0.974553
525 0.973817
526 0.967537
527 0.973296
528 0.97351
529 0.973737
530 0.968954
531 0.971166
532 0.97231
533 0.972773
534 0.969142
535 0.972666
536 0.974523
537 0.975432
538 0.97309
539 0.975096
540 0.97542
541 0.97551
542 0.970432
543 0.972736
544 0.97288
545 0.972793
546 0.963019
547 0.971375
548 0.971088
549 0.97421
550 0.975038
551 0.976122
552 0.975383
553 0.976553
554 0.976752
555 0.976189
556 0.972881
557 0.974658
558 0.973554
559 0.972776
560 0.970161
561 0.974048
562 0.975235
563 0.976218
564 0.975259
565 0.977239
566 0.972448
567 0.97729
568 0.976481
569 0.978124
570 0.976319
571 0.977446
572 0.972507
573 0.978023
574 0.972638
575 0.97852
576 0.974341
577 0.979755
578 0.981261
579 0.982189
580 0.982309
581 0.983578
582 0.981405
583 0.984283
584 0.981169
585 0.984518
586 0.982409
587 0.985168
588 0.983949
589 0.985915
590 0.985383
591 0.986761
592 0.986646
593 0.987369
594 0.98749
595 0.987507
596 0.987333
597 0.987817
598 0.987334
599 0.987312
600 0.987385
601 0.987125
602 0.986971
603 0.986914
604 0.986762
605 0.986556
606 0.986088
607 0.986334
608 0.986769
609 0.987064
610 0.986621
611 0.987087
612 0.987091
613 0.986933
614 0.986599
615 0.986843
616 0.986791
617 0.986704
618 0.986206
619 0.986455
620 0.98656
621 0.986126
622 0.985564
623 0.985832
624 0.985423
625 0.985409
626 0.984158
627 0.984755
628 0.984221
629 0.98429
630 0.983833
631 0.983446
632 0.983084
633 0.983093
634 0.98276
635 0.982385
636 0.981763
637 0.981903
638 0.981485
639 0.981202
640 0.980053
641 0.980163
642 0.980019
643 0.97962
644 0.97799
645 0.97836
646 0.9751
647 0.977614
648 0.976674
649 0.977249
650 0.977053
651 0.976954
652 0.976505
653 0.976907
654 0.976535
655 0.976629
656 0.975081
657 0.976955
658 0.976708
659 0.977738
660 0.976405
661 0.977677
662 0.977972
663 0.978339
664 0.97686
665 0.977957
666 0.975274
667 0.978012
668 0.978339
669 0.979017
670 0.978212
671 0.979318
672 0.979734
673 0.980195
674 0.978891
675 0.9802
676 0.980325
677 0.980616
678 0.979515
679 0.980808
680 0.980805
681 0.981494
682 0.980559
683 0.981304
684 0.981712
685 0.980923
686 0.979478
687 0.982062
688 0.982697
689 0.983476
690 0.983385
691 0.984189
692 0.984968
693 0.985372
694 0.985243
695 0.991989
696 0.990269
697 0.98944
698 0.988009
699 0.987838
700 0.987172
701 0.986906
702 0.985388
703 0.985525
704 0.985133
705 0.984908
706 0.983235
707 0.98359
708 0.983056
709 0.983165
710 0.982288
711 0.981669
712 0.980195
713 0.98079
714 0.98045
715 0.980804
716 0.979813
717 0.981708
718 0.983404
719 0.984804
720 0.984135
721 0.985649
722 0.985772
723 0.985832
724 0.983716
725 0.982617
726 0.978006
727 0.978219
728 0.973748
729 0.973688
730 0.972679
731 0.974174
732 0.975098
733 0.976722
734 0.977353
735 0.979295
736 0.979516
737 0.988485
738 0.983153
739 0.984132
740 0.983745
741 0.98464
742 0.984635
743 0.984721
744 0.983579
745 0.984092
746 0.980972
747 0.98367
748 0.983122
749 0.983823
750 0.982936
751 0.983359
752 0.983479
753 0.982769
754 0.9813
755 0.980505
756 0.979202
757 0.977882
758 0.976257
759 0.975689
760 0.974982
761 0.974502
762 0.97373
763 0.973469
764 0.973907
765 0.972611
766 0.969736
767 0.969922
768 0.968637
769 0.968142
770 0.966092
771 0.965698
772 0.963468
773 0.962835
774 0.962731
775 0.963414
776 0.962843
777 0.961597
778 0.96159
779 0.95928
780 0.962258
781 0.95872
782 0.961914
783 0.958924
784 0.962843
785 0.959226
786 0.960764
787 0.960976
788 0.963979
789 0.963156
790 0.965939
791 0.964754
792 0.966916
793 0.966007
794 0.967436
795 0.967818
796 0.965882
797 0.967778
798 0.967359
799 0.96702
800 0.966907
801 0.965608
802 0.96748
803 0.963949
804 0.962628
805 0.965432
806 0.965071
807 0.966439
808 0.966536
809 0.965071
810 0.963203
811 0.967207
812 0.968727
813 0.968336
814 0.967785
815 0.970448
816 0.970537
817 0.970618
818 0.970089
819 0.972769
820 0.972819
821 0.972739
822 0.972466
823 0.974618
824 0.974845
825 0.975225
826 0.974409
827 0.975503
828 0.97584
829 0.975722
830 0.975115
831 0.976153
832 0.976433
833 0.976545
834 0.976492
835 0.976594
836 0.975624
837 0.975142
838 0.976211
839 0.97566
840 0.975227
841 0.975803
842 0.975247
843 0.974415
844 0.974011
845 0.974379
846 0.973515
847 0.97322
848 0.97328
849 0.973223
850 0.972633
851 0.97218
852 0.9728
853 0.973027
854 0.997295
855 0.991418
856 0.988929
857 0.978241
858 0.977109
859 0.9765
860 0.975915
861 0.975555
862 0.975517
863 0.97353
864 0.973458
865 0.973268
866 0.973472
867 0.973865
868 0.973801
869 0.973632
870 0.972906
871 0.973804
872 0.974206
873 0.973645
874 0.973005
875 0.973963
876 0.974226
877 0.973034
878 0.971992
879 0.972773
880 0.973162
881 0.972526
882 0.971713
883 0.972588
884 0.973035
885 0.972667
886 0.971848
887 0.972577
888 0.972878
889 0.972519
890 0.971695
891 0.972327
892 0.972647
893 0.972323
894 0.971681
895 0.971592
896 0.971529
897 0.971463
898 0.973463
899 0.974438
900 0.976733
901 0.978689
902 0.982935
903 0.984928
904 0.982673
905 0.982758
906 0.983983
907 0.995465
908 0.993108
909 0.988904
910 0.987228
911 0.988659
912 0.992371
913 0.990349
914 0.988413
915 0.98841
916 0.988046
917 0.987703
918 0.987421
919 0.98726
920 0.986749
921 0.98614
922 0.985481
923 0.985077
924 0.98509
925 0.984819
926 0.984721
927 0.984595
928 0.983488
929 0.981988
930 0.982398
931 0.984698
932 0.988442
933 0.989093
934 0.988512
935 0.986141
936 0.985967
937 0.98523
938 0.984814
939 0.98435
940 0.983768
941 0.984258
942 0.985565
943 0.985898
944 0.986076
945 0.986223
946 0.9863
947 0.986366
948 0.986364
949 0.98589
950 0.985974
951 0.986073
952 0.985821
953 0.985822
954 0.985511
955 0.985892
956 0.985652
957 0.985597
958 0.985336
959 0.985975
960 0.985878
961 0.986504
962 0.986286
963 0.98658
964 0.986209
965 0.986799
966 0.986683
967 0.987491
968 0.987527
969 0.987271
970 0.986494
971 0.986811
972 0.988436
973 0.990227
974 0.9921
975 0.990555
976 0.988632
977 0.988429
978 0.987159
979 0.988633
980 0.984064
981 0.980948
982 0.976816
983 0.97325
984 0.970403
985 0.968592
986 0.967542
987 0.965099
988 0.962505
989 0.961093
990 0.959049
991 0.958667
992 0.958226
993 0.958329
994 0.957692
995 0.958289
996 0.956869
997 0.956516
998 0.955062
999 0.95467
1000 0.952333
1001 0.951258
1002 0.950038
1003 0.948058
1004 0.947096
1005 0.945861
1006 0.944721
1007 0.943966
1008 0.944863
1009 0.942928
1010 0.944683
1011 0.944575
1012 0.945419
1013 0.946374
1014 0.947531
1015 0.948093
1016 0.949061
1017 0.951967
1018 0.95414
1019 0.95668
1020 0.959551
1021 0.961161
1022 0.962259
1023 0.963129
1024 0.962959
1025 0.962944
1026 0.962375
1027 0.962682
1028 0.963279
1029 0.963653
1030 0.963819
1031 0.965739
1032 0.965853
1033 0.967169
1034 0.966585
1035 0.969132
1036 0.969256
1037 0.971711
1038 0.97339
1039 0.974918
1040 0.976599
1041 0.978455
1042 0.980127
1043 0.98162
1044 0.981934
1045 0.982952
1046 0.984844
1047 0.985099
1048 0.986457
1049 0.990821
1050 0.993776
1051 0.994788
1052 0.993665
1053 0.993378
1054 0.992938
1055 0.993763
1056 0.994609
1057 0.994628
1058 0.995002
1059 0.995363
1060 0.995253
1061 0.995335
1062 0.994849
1063 0.994896
1064 0.994415
1065 0.994524
1066 0.994256
1067 0.994206
1068 0.993402
1069 0.991846
1070 0.990685
1071 0.989624
1072 0.98821
1073 0.986309
1074 0.987345
1075 0.987777
1076 0.987876
1077 0.98692
1078 0.987533
1079 0.989452
1080 0.990047
1081 0.989082
1082 0.988491
1083 0.991092
1084 0.985379
1085 0.998766
1086 0.998952
1087 0.998776
1088 0.998498
1089 0.997698
1090 0.996429
1091 0.98544
1092 0.970677
1093 0.974584
1094 0.97191
1095 0.972429
1096 0.973967
1097 0.978155
1098 0.990261
1099 0.991974
1100 0.99252
1101 0.991431
1102 0.989755
1103 0.991914
1104 0.992349
1105 0.988252
1106 0.986336
1107 0.987312
1108 0.990687
1109 0.992882
1110 0.995214
1111 0.996841
1112 0.994565
1113 0.995796
1114 0.996615
1115 0.994981
1116 0.987616
1117 0.977774
1118 0.981244
1119 0.982055
1120 0.985525
1121 0.987373
1122 0.986732
1123 0.98767
1124 0.989701
1125 0.992404
1126 0.99317
1127 0.992055
1128 0.990215
1129 0.983772
1130 0.982573
1131 0.988897
1132 0.992602
1133 0.993293
1134 0.994557
1135 0.995447
1136 0.993234
1137 0.984374
1138 0.985917
1139 0.987127
1140 0.987453
1141 0.989853
1142 0.990206
1143 0.991608
1144 0.992808
1145 0.994486
1146 0.995371
1147 0.995371
1148 0.99582
1149 0.994305
1150 0.993603
1151 0.991557
1152 0.989051
1153 0.988461
1154 0.989921
1155 0.991821
1156 0.990316
1157 0.990857
1158 0.992275
1159 0.991761
1160 0.991609
1161 0.990578
1162 0.985703
1163 0.985886
1164 0.987627
1165 0.988046
1166 0.988627
1167 0.987763
1168 0.989416
1169 0.989017
1170 0.989028
1171 0.988956
1172 0.988971
1173 0.989367
1174 0.989419
1175 0.989946
1176 0.989429
1177 0.989117
1178 0.989275
1179 0.990482
1180 0.991462
1181 0.992429
1182 0.992973
1183 0.992189
1184 0.991518
1185 0.989267
1186 0.988845
1187 0.987228
1188 0.987146
1189 0.987159
1190 0.987431
1191 0.988796
1192 0.992037
1193 0.989745
1194 0.986701
1195 0.981989
1196 0.979815
1197 0.979576
1198 0.981316
1199 0.98154
1200 0.983155
1201 0.983505
1202 0.984315
1203 0.984415
1204 0.984879
1205 0.984409
1206 0.9849
1207 0.984772
1208 0.984876
1209 0.984474
1210 0.98465
1211 0.984851
1212 0.98458
1213 0.984081
1214 0.984934
1215 0.985635
1216 0.984827
1217 0.98458
1218 0.984561
1219 0.984525
1220 0.985517
1221 0.986182
1222 0.986754
1223 0.9882
1224 0.98848
1225 0.988814
1226 0.988744
1227 0.989646
1228 0.989601
1229 0.989194
1230 0.987598
1231 0.986907
1232 0.985935
1233 0.985148
1234 0.984531
1235 0.982764
1236 0.982501
1237 0.981514
1238 0.982274
1239 0.981912
1240 0.98319
1241 0.981515
1242 0.98298
1243 0.981803
1244 0.98296
1245 0.982425
1246 0.983188
1247 0.982345
1248 0.98299
1249 0.981325
1250 0.982154
1251 0.981128
1252 0.982201
1253 0.982163
1254 0.98269
1255 0.982082
1256 0.982935
1257 0.983457
1258 0.984169
1259 0.983816
1260 0.984365
1261 0.984284
1262 0.984736
1263 0.98415
1264 0.98471
1265 0.984551
1266 0.98444
1267 0.983497
1268 0.983246
1269 0.981906
1270 0.981841
1271 0.981384
1272 0.980926
1273 0.979962
1274 0.978701
1275 0.977836
1276 0.976514
1277 0.975333
1278 0.974967
1279 0.974722
1280 0.976084
1281 0.975855
1282 0.977818
1283 0.976474
1284 0.976845
1285 0.976678
1286 0.978095
1287 0.977355
1288 0.978244
1289 0.97669
1290 0.978156
1291 0.977292
1292 0.978164
1293 0.977199
1294 0.978164
1295 0.977294
1296 0.977956
1297 0.976888
1298 0.97783
1299 0.976831
1300 0.976997
1301 0.976646
1302 0.977535
1303 0.97784
1304 0.977766
1305 0.978014
1306 0.97749
1307 0.97735
1308 0.978097
1309 0.976454
1310 0.976959
1311 0.978446
1312 0.977337
1313 0.97792
1314 0.978155
1315 0.979492
1316 0.978887
1317 0.978698
1318 0.979014
1319 0.978518
1320 0.978887
1321 0.977257
1322 0.976504
1323 0.976273
1324 0.975279
1325 0.975975
1326 0.974795
1327 0.974076
1328 0.974073
1329 0.973519
1330 0.973518
1331 0.973019
1332 0.973807
1333 0.975038
1334 0.97422
1335 0.975754
1336 0.974739
1337 0.976166
1338 0.974824
1339 0.974414
1340 0.974928
1341 0.974939
1342 0.975498
1343 0.974984
1344 0.977914
1345 0.976019
1346 0.976353
1347 0.976053
1348 0.976843
1349 0.975449
1350 0.979036
1351 0.977078
1352 0.979517
1353 0.977867
1354 0.979944
1355 0.978274
1356 0.979952
1357 0.978198
1358 0.98012
1359 0.978701
1360 0.980083
1361 0.97825
input file number: 1
0 0.993592
1 0.993592
2 0.993592
3 0.993592
4 0.993592
5 0.993592
6 0.993592
7 0.993592
8 0.993592
9 0.993592
10 0.993592
11 0.993592
12 0.993592
13 0.993592
14 0.993592
15 0.993592
16 0.993592
17 0.993592
18 0.993592
19 0.993592
20 0.993592
21 0.993592
22 0.993592
23 0.993592
24 0.993592
25 0.993592
26 0.993592
27 0.993592
28 0.993592
29 0.993592
30 0.993592
31 0.993592
32 0.993592
33 0.993592
34 0.993592
35 0.993592
36 0.993592
37 0.993592
38 0.993592
39 0.993592
40 0.993592
41 0.993592
42 0.993592
43 0.993592
44 0.993033
45 0.992624
46 0.992337
47 0.992332
48 0.992192
49 0.991366
50 0.990945
51 0.990782
52 0.990729
53 0.990505
54 0.990656
55 0.990343
56 0.990719
57 0.990487
58 0.99061
59 0.990261
60 0.990692
61 0.990201
62 0.990414
63 0.990171
64 0.990637
65 0.990258
66 0.990744
67 0.990407
68 0.990877
69 0.990207
70 0.990944
71 0.990268
72 0.990669
73 0.99012
74 0.99058
75 0.99008
76 0.990168
77 0.990374
78 0.990214
79 0.989905
80 0.989739
81 0.989674
82 0.989754
83 0.990079
84 0.989515
85 0.989649
86 0.989483
87 0.989973
88 0.989413
89 0.989802
90 0.989475
91 0.990122
92 0.989532
93 0.990188
94 0.989773
95 0.990287
96 0.989974
97 0.990499
98 0.99014
99 0.990567
100 0.990037
101 0.990407
102 0.990086
103 0.990281
104 0.990101
105 0.990106
106 0.989964
107 0.990088
108 0.990084
109 0.990069
110 0.989826
111 0.990119
112 0.99004
113 0.990052
114 0.989906
115 0.990194
116 0.990017
117 0.990062
118 0.989883
119 0.990122
120 0.990052
121 0.990074
122 0.989795
123 0.990166
124 0.990162
125 0.990101
126 0.989907
127 0.990304
128 0.990286
129 0.990226
130 0.989948
131 0.990285
132 0.990229
133 0.990282
134 0.990129
135 0.990396
136 0.9903
137 0.990346
138 0.990234
139 0.990392
140 0.990372
141 0.990531
142 0.990381
143 0.990596
144 0.990609
145 0.990758
146 0.990509
147 0.990746
148 0.990779
149 0.990842
150 0.990801
151 0.990922
152 0.990817
153 0.990842
154 0.990686
155 0.990832
156 0.990721
157 0.990727
158 0.99069
159 0.990909
160 0.990809
161 0.990814
162 0.990787
163 0.990902
164 0.990828
165 0.990945
166 0.990806
167 0.991011
168 0.991042
169 0.991178
170 0.990974
171 0.991165
172 0.99102
173 0.991257
174 0.991038
175 0.991278
176 0.991044
177 0.991429
178 0.991131
179 0.99142
180 0.991321
181 0.99156
182 0.991372
183 0.99158
184 0.991489
185 0.991921
186 0.991555
187 0.991668
188 0.991843
189 0.992067
190 0.991685
191 0.991737
192 0.991729
193 0.991941
194 0.991673
195 0.991759
196 0.991726
197 0.991927
198 0.991683
199 0.991837
200 0.991803
201 0.992
202 0.991803
203 0.991854
204 0.99184
205 0.992059
206 0.99179
207 0.99174
208 0.991873
209 0.992141
210 0.991711
211 0.991747
212 0.991795
213 0.991972
214 0.991754
215 0.991844
216 0.991828
217 0.992009
218 0.991753
219 0.991789
220 0.99176
221 0.99202
222 0.991738
223 0.991776
224 0.991841
225 0.992235
226 0.991833
227 0.991863
228 0.991958
229 0.992241
230 0.991833
231 0.991964
232 0.992002
233 0.992165
234 0.99187
235 0.99192
236 0.9919
237 0.991886
238 0.990933
239 0.990416
240 0.990737
241 0.991163
242 0.990875
243 0.990863
244 0.991053
245 0.991446
246 0.991528
247 0.991171
248 0.991495
249 0.991834
250 0.991588
251 0.991492
252 0.991664
253 0.991991
254 0.991714
255 0.991642
256 0.991793
257 0.992167
258 0.991768
259 0.991643
260 0.991768
261 0.992117
262 0.991811
263 0.991733
264 0.991816
265 0.992278
266 0.992286
267 0.992069
268 0.99216
269 0.992403
270 0.992169
271 0.99218
272 0.992015
273 0.996729
274 0.995724
275 0.995563
276 0.99526
277 0.995478
278 0.994871
279 0.994714
280 0.994577
281 0.994754
282 0.994259
283 0.994096
284 0.994043
285 0.994123
286 0.993874
287 0.993659
288 0.993651
289 0.993561
290 0.99341
291 0.993264
292 0.993139
293 0.993135
294 0.993012
295 0.992996
296 0.992951
297 0.992951
298 0.992826
299 0.99287
300 0.992839
301 0.992826
302 0.992768
303 0.992764
304 0.992738
305 0.992692
306 0.992898
307 0.992733
308 0.992919
309 0.992676
310 0.992744
311 0.992634
312 0.9928
313 0.992781
314 0.992733
315 0.992744
316 0.992777
317 0.992801
318 0.992715
319 0.992737
320 0.992734
321 0.992798
322 0.99273
323 0.992812
324 0.992836
325 0.99287
326 0.993017
327 0.992813
328 0.993036
329 0.99289
330 0.992903
331 0.992848
332 0.992932
333 0.992961
334 0.992868
335 0.992904
336 0.992918
337 0.99295
338 0.992827
339 0.992851
340 0.992819
341 0.99281
342 0.992754
343 0.992771
344 0.992743
345 0.99289
346 0.993001
347 0.99287
348 0.993044
349 0.992923
350 0.99293
351 0.992933
352 0.992981
353 0.992965
354 0.992881
355 0.992949
356 0.992923
357 0.992955
358 0.992857
359 0.99291
360 0.992841
361 0.992838
362 0.992771
363 0.992835
364 0.99284
365 0.992839
366 0.993056
367 0.992826
368 0.992967
369 0.992793
370 0.992911
371 0.992848
372 0.992835
373 0.992733
374 0.992755
375 0.992756
376 0.992642
377 0.992574
378 0.992503
379 0.992607
380 0.992539
381 0.992495
382 0.993223
383 0.993337
384 0.993065
385 0.992398
386 0.993085
387 0.993184
388 0.992954
389 0.992266
390 0.992965
391 0.993181
392 0.993152
393 0.992576
394 0.99317
395 0.993263
396 0.993304
397 0.992981
398 0.993334
399 0.993662
400 0.993547
401 0.993341
402 0.993672
403 0.993872
404 0.994007
405 0.993891
406 0.994111
407 0.994388
408 0.994497
409 0.994498
410 0.995162
411 0.995049
412 0.995579
413 0.995523
414 0.99613
415 0.996091
416 0.996602
417 0.996669
418 0.997082
419 0.997181
420 0.997448
421 0.997779
422 0.998138
423 0.998448
424 0.998763
425 0.99914
426 0.999447
427 0.999636
428 1
429 1
430 1
431 1
432 1
433 1
434 1
435 1
436 1
437 1
438 1
439 1
440 1
441 1
442 1
443 1
444 1
445 1
446 1
447 1
448 1
449 1
450 1
451 1
452 1
453 1
454 1
455 1
456 1
457 0.999988
458 0.999944
459 0.99992
460 0.999902
461 0.999977
462 0.999992
463 0.999994
464 0.999826
465 0.999608
466 1
467 0.999941
468 0.999981
469 0.999965
470 0.999753
471 0.99911
472 0.998663
473 0.997937
474 0.998287
475 0.996802
476 0.994909
477 0.992752
478 0.983493
479 0.980876
480 0.988446
481 0.988607
482 0.985728
483 0.983878
484 0.987217
485 0.975465
486 0.973573
487 0.977981
488 0.975848
489 0.979079
490 0.973874
491 0.973864
492 0.965162
493 0.970306
494 0.968818
495 0.973147
496 0.973265
497 0.978959
498 0.976133
499 0.977877
500 0.975591
501 0.979947
502 0.977947
503 0.978929
504 0.97393
505 0.972947
506 0.962069
507 0.969248
508 0.970513
509 0.974738
510 0.975933
511 0.977783
512 0.977316
513 0.977906
514 0.974735
515 0.978594
516 0.979216
517 0.978159
518 0.972
519 0.971941
520 0.968867
521 0.970785
522 0.97011
523 0.975392
524 0.976718
525 0.977976
526 0.973846
527 0.975897
528 0.975526
529 0.978504
530 0.978653
531 0.976453
532 0.971225
533 0.970576
534 0.966661
535 0.971559
536 0.973121
537 0.976118
538 0.979024
539 0.980471
540 0.979567
541 0.978856
542 0.977229
543 0.980313
544 0.976729
545 0.973831
546 0.963485
547 0.969964
548 0.96836
549 0.972252
550 0.975437
551 0.979152
552 0.979883
553 0.980757
554 0.98106
555 0.981312
556 0.980986
557 0.980668
558 0.976866
559 0.973979
560 0.970295
561 0.973224
562 0.973634
563 0.975901
564 0.977532
565 0.981452
566 0.980476
567 0.981956
568 0.981335
569 0.982704
570 0.981938
571 0.981034
572 0.973103
573 0.977251
574 0.971557
575 0.977559
576 0.973945
577 0.980562
578 0.983799
579 0.985836
580 0.985967
581 0.98667
582 0.985616
583 0.986974
584 0.986077
585 0.986142
586 0.984075
587 0.985918
588 0.984216
589 0.986252
590 0.986002
591 0.987708
592 0.98823
593 0.988919
594 0.989287
595 0.989326
596 0.989132
597 0.989475
598 0.988883
599 0.988694
600 0.988543
601 0.988345
602 0.988319
603 0.988171
604 0.988126
605 0.988248
606 0.987931
607 0.988264
608 0.988412
609 0.988816
610 0.988632
611 0.988827
612 0.988765
613 0.988676
614 0.988606
615 0.988633
616 0.988452
617 0.988492
618 0.988252
619 0.98841
620 0.988379
621 0.988138
622 0.988001
623 0.98792
624 0.98768
625 0.987506
626 0.986718
627 0.98712
628 0.986871
629 0.986809
630 0.986699
631 0.986329
632 0.986208
633 0.986262
634 0.986042
635 0.985879
636 0.985462
637 0.985314
638 0.985059
639 0.984868
640 0.984208
641 0.984522
642 0.984231
643 0.984377
644 0.983539
645 0.983785
646 0.981572
647 0.98309
648 0.982591
649 0.983491
650 0.9838
651 0.984253
652 0.983798
653 0.984137
654 0.984186
655 0.984634
656 0.983838
657 0.983897
658 0.983556
659 0.984087
660 0.983324
661 0.983743
662 0.983578
663 0.984064
664 0.98322
665 0.984013
666 0.982588
667 0.983762
668 0.983979
669 0.984758
670 0.984021
671 0.98463
672 0.984479
673 0.984936
674 0.984509
675 0.984968
676 0.985196
677 0.985539
678 0.985259
679 0.985617
680 0.985383
681 0.985592
682 0.985158
683 0.985597
684 0.985788
685 0.985387
686 0.98484
687 0.986129
688 0.986302
689 0.986856
690 0.986952
691 0.987204
692 0.987471
693 0.987808
694 0.987697
695 0.994304
696 0.991777
697 0.99074
698 0.989661
699 0.989478
700 0.988982
701 0.988822
702 0.988046
703 0.988161
704 0.987794
705 0.987778
706 0.986711
707 0.986968
708 0.986296
709 0.98641
710 0.986138
711 0.985797
712 0.984709
713 0.984954
714 0.984657
715 0.984973
716 0.983978
717 0.985912
718 0.985691
719 0.986053
720 0.985497
721 0.986598
722 0.986534
723 0.986755
724 0.98586
725 0.985679
726 0.983802
727 0.983897
728 0.981467
729 0.982126
730 0.980359
731 0.980386
732 0.978039
733 0.978414
734 0.978321
735 0.979343
736 0.979963
737 0.988894
738 0.984316
739 0.986154
740 0.986143
741 0.986764
742 0.986783
743 0.987054
744 0.986398
745 0.986802
746 0.985137
747 0.986643
748 0.986647
749 0.987019
750 0.986196
751 0.9867
752 0.986115
753 0.985905
754 0.985399
755 0.984386
756 0.983552
757 0.982768
758 0.981371
759 0.980991
760 0.979802
761 0.979442
762 0.978919
763 0.979153
764 0.979757
765 0.979523
766 0.978405
767 0.978379
768 0.977252
769 0.976802
770 0.976604
771 0.975738
772 0.974247
773 0.973999
774 0.974245
775 0.974697
776 0.974506
777 0.974234
778 0.97459
779 0.9735
780 0.975322
781 0.973571
782 0.975657
783 0.974762
784 0.976799
785 0.975308
786 0.976908
787 0.976713
788 0.977769
789 0.977381
790 0.979001
791 0.977935
792 0.979661
793 0.979406
794 0.980071
795 0.980884
796 0.980292
797 0.98073
798 0.981087
799 0.981265
800 0.981557
801 0.980894
802 0.981898
803 0.98076
804 0.98011
805 0.981153
806 0.981566
807 0.982258
808 0.982749
809 0.98216
810 0.981802
811 0.98315
812 0.983874
813 0.983593
814 0.983363
815 0.984514
816 0.985302
817 0.985221
818 0.985295
819 0.986292
820 0.986729
821 0.986461
822 0.986285
823 0.987335
824 0.987594
825 0.987427
826 0.986959
827 0.987824
828 0.988076
829 0.987969
830 0.987499
831 0.987994
832 0.988171
833 0.988306
834 0.988096
835 0.98833
836 0.987813
837 0.987758
838 0.988199
839 0.987841
840 0.987551
841 0.988121
842 0.987963
843 0.987545
844 0.987404
845 0.987598
846 0.987
847 0.986928
848 0.986988
849 0.986677
850 0.986393
851 0.985869
852 0.986345
853 0.98608
854 0.998388
855 0.994172
856 0.993313
857 0.988871
858 0.987954
859 0.986764
860 0.986856
861 0.987019
862 0.987112
863 0.986424
864 0.986905
865 0.986827
866 0.986739
867 0.986197
868 0.986444
869 0.986524
870 0.986483
871 0.986288
872 0.986658
873 0.986356
874 0.986231
875 0.986298
876 0.986579
877 0.985807
878 0.985477
879 0.985394
880 0.985753
881 0.985397
882 0.985125
883 0.985097
884 0.985501
885 0.985191
886 0.984979
887 0.984992
888 0.985144
889 0.984932
890 0.984662
891 0.984665
892 0.984838
893 0.984616
894 0.984364
895 0.983915
896 0.983781
897 0.984372
898 0.984201
899 0.984223
900 0.98494
901 0.985101
902 0.987394
903 0.988135
904 0.986117
905 0.987387
906 0.987063
907 0.997221
908 0.995387
909 0.99276
910 0.992404
911 0.992538
912 0.995558
913 0.993774
914 0.992121
915 0.991992
916 0.991586
917 0.991518
918 0.991411
919 0.991252
920 0.991071
921 0.990848
922 0.99061
923 0.990465
924 0.99038
925 0.990209
926 0.990044
927 0.989997
928 0.989409
929 0.988948
930 0.988747
931 0.989532
932 0.991465
933 0.992185
934 0.992047
935 0.992469
936 0.99116
937 0.990294
938 0.98989
939 0.989411
940 0.989161
941 0.989241
942 0.989439
943 0.989552
944 0.98965
945 0.989637
946 0.989716
947 0.989697
948 0.98963
949 0.989395
950 0.989336
951 0.989496
952 0.989309
953 0.989341
954 0.989189
955 0.989325
956 0.98929
957 0.989299
958 0.988971
959 0.989381
960 0.989166
961 0.989512
962 0.989333
963 0.989602
964 0.989198
965 0.989615
966 0.989454
967 0.990077
968 0.990254
969 0.990327
970 0.989896
971 0.989524
972 0.990419
973 0.991641
974 0.993574
975 0.992863
976 0.992887
977 0.992843
978 0.991828
979 0.993458
980 0.990328
981 0.989275
982 0.988107
983 0.987046
984 0.986132
985 0.98561
986 0.985317
987 0.984647
988 0.984309
989 0.983995
990 0.983809
991 0.984083
992 0.984032
993 0.98402
994 0.984053
995 0.984233
996 0.983847
997 0.983717
998 0.983142
999 0.982623
1000 0.982039
1001 0.98137
1002 0.981315
1003 0.981102
1004 0.980909
1005 0.980371
1006 0.980425
1007 0.98021
1008 0.980174
1009 0.980153
1010 0.979846
1011 0.980279
1012 0.980552
1013 0.980646
1014 0.981239
1015 0.981133
1016 0.98068
1017 0.981435
1018 0.981993
1019 0.982652
1020 0.982858
1021 0.98309
1022 0.982783
1023 0.982579
1024 0.98225
1025 0.982644
1026 0.982074
1027 0.982202
1028 0.981679
1029 0.981842
1030 0.981839
1031 0.982022
1032 0.982004
1033 0.98224
1034 0.982189
1035 0.983381
1036 0.983281
1037 0.984278
1038 0.985193
1039 0.98612
1040 0.986933
1041 0.987514
1042 0.988484
1043 0.989395
1044 0.989693
1045 0.990291
1046 0.991289
1047 0.991608
1048 0.992007
1049 0.995121
1050 0.995859
1051 0.995922
1052 0.995552
1053 0.995726
1054 0.995334
1055 0.995812
1056 0.995619
1057 0.995914
1058 0.995868
1059 0.996033
1060 0.99611
1061 0.996288
1062 0.996169
1063 0.996104
1064 0.995746
1065 0.995815
1066 0.995604
1067 0.995657
1068 0.995195
1069 0.994349
1070 0.993632
1071 0.993156
1072 0.992514
1073 0.99157
1074 0.992378
1075 0.992479
1076 0.992607
1077 0.992485
1078 0.993221
1079 0.994914
1080 0.994249
1081 0.994156
1082 0.993901
1083 0.99431
1084 0.9899
1085 0.999291
1086 0.999663
1087 0.999398
1088 0.999326
1089 0.999147
1090 0.998274
1091 0.991375
1092 0.982801
1093 0.986589
1094 0.9861
1095 0.987123
1096 0.987483
1097 0.989987
1098 0.995376
1099 0.996408
1100 0.996332
1101 0.995324
1102 0.995506
1103 0.995227
1104 0.995235
1105 0.994826
1106 0.992056
1107 0.992694
1108 0.9947
1109 0.995308
1110 0.99656
1111 0.997692
1112 0.996622
1113 0.997286
1114 0.99761
1115 0.996736
1116 0.99279
1117 0.987228
1118 0.988484
1119 0.987299
1120 0.989113
1121 0.990208
1122 0.989693
1123 0.990097
1124 0.99083
1125 0.992837
1126 0.993885
1127 0.994221
1128 0.994004
1129 0.991517
1130 0.990912
1131 0.993487
1132 0.995399
1133 0.995194
1134 0.995772
1135 0.996514
1136 0.996043
1137 0.990516
1138 0.990706
1139 0.990735
1140 0.990698
1141 0.992119
1142 0.992252
1143 0.992954
1144 0.994234
1145 0.995687
1146 0.996354
1147 0.996439
1148 0.996582
1149 0.995854
1150 0.99583
1151 0.994902
1152 0.993738
1153 0.993642
1154 0.993995
1155 0.994368
1156 0.993422
1157 0.993498
1158 0.994301
1159 0.994032
1160 0.994138
1161 0.993494
1162 0.990741
1163 0.990723
1164 0.991499
1165 0.990565
1166 0.990892
1167 0.989827
1168 0.990444
1169 0.990239
1170 0.9904
1171 0.990225
1172 0.99032
1173 0.990729
1174 0.990914
1175 0.991201
1176 0.991407
1177 0.991902
1178 0.99244
1179 0.993302
1180 0.993819
1181 0.994205
1182 0.99431
1183 0.99377
1184 0.99327
1185 0.99235
1186 0.992341
1187 0.991802
1188 0.991833
1189 0.991751
1190 0.991866
1191 0.992954
1192 0.996122
1193 0.993814
1194 0.992247
1195 0.989741
1196 0.988554
1197 0.988278
1198 0.988377
1199 0.988197
1200 0.988469
1201 0.988259
1202 0.988529
1203 0.988433
1204 0.988563
1205 0.988268
1206 0.988294
1207 0.988025
1208 0.988026
1209 0.987833
1210 0.988047
1211 0.988102
1212 0.988157
1213 0.988152
1214 0.988773
1215 0.989554
1216 0.989471
1217 0.989658
1218 0.989865
1219 0.990193
1220 0.990655
1221 0.991076
1222 0.991327
1223 0.991849
1224 0.99178
1225 0.991758
1226 0.991732
1227 0.992352
1228 0.992384
1229 0.992269
1230 0.991455
1231 0.991294
1232 0.991002
1233 0.990159
1234 0.989744
1235 0.988878
1236 0.988662
1237 0.987764
1238 0.987892
1239 0.987439
1240 0.987991
1241 0.986944
1242 0.987679
1243 0.986925
1244 0.987268
1245 0.986709
1246 0.987195
1247 0.986499
1248 0.986978
1249 0.986037
1250 0.986833
1251 0.986392
1252 0.987033
1253 0.987156
1254 0.987661
1255 0.987344
1256 0.988003
1257 0.988203
1258 0.988716
1259 0.988483
1260 0.988726
1261 0.988804
1262 0.988973
1263 0.988607
1264 0.988851
1265 0.988752
1266 0.988787
1267 0.988272
1268 0.988145
1269 0.987493
1270 0.98759
1271 0.987395
1272 0.987564
1273 0.987334
1274 0.987486
1275 0.987164
1276 0.98756
1277 0.986987
1278 0.987224
1279 0.986617
1280 0.986797
1281 0.986498
1282 0.98692
1283 0.986606
1284 0.986794
1285 0.986683
1286 0.987066
1287 0.986779
1288 0.986935
1289 0.986194
1290 0.98689
1291 0.986359
1292 0.986823
1293 0.986375
1294 0.986858
1295 0.986469
1296 0.986702
1297 0.986311
1298 0.986725
1299 0.98628
1300 0.986488
1301 0.98639
1302 0.986977
1303 0.987095
1304 0.987102
1305 0.987388
1306 0.98685
1307 0.986973
1308 0.987394
1309 0.986559
1310 0.986979
1311 0.987639
1312 0.987227
1313 0.987608
1314 0.987855
1315 0.988333
1316 0.988218
1317 0.988396
1318 0.98861
1319 0.988503
1320 0.98846
1321 0.987982
1322 0.987797
1323 0.987441
1324 0.987311
1325 0.987185
1326 0.986978
1327 0.986874
1328 0.986966
1329 0.986258
1330 0.986709
1331 0.986354
1332 0.986743
1333 0.986998
1334 0.986607
1335 0.98689
1336 0.98671
1337 0.986725
1338 0.986457
1339 0.986069
1340 0.986145
1341 0.985942
1342 0.986217
1343 0.985777
1344 0.986782
1345 0.985887
1346 0.986117
1347 0.985951
1348 0.98638
1349 0.985673
1350 0.987044
1351 0.986005
1352 0.987005
1353 0.986394
1354 0.987222
1355 0.986584
1356 0.987253
1357 0.986529
1358 0.987214
1359 0.986592
1360 0.987061
1361 0.986401
AVG: 0.982187
Median: 0.981494
AVG: 0.98863
Median: 0.985592
